34 561
1 2 756
1 3 41
1 4 356
1 5 333
1 6 678
1 7 582
1 8 894
1 9 418
1 10 551
1 11 389
1 12 940
1 13 56
1 14 82
1 15 355
1 16 138
1 17 542
1 18 203
1 19 109
1 20 215
1 21 683
1 22 381
1 23 745
1 24 784
1 25 648
1 26 367
1 27 67
1 28 989
1 29 136
1 30 658
1 31 169
1 32 978
1 33 311
1 34 669
2 3 7
2 4 544
2 5 184
2 6 674
2 7 684
2 8 465
2 9 926
2 10 918
2 11 619
2 12 879
2 13 652
2 14 156
2 15 619
2 16 733
2 17 549
2 18 683
2 19 376
2 20 20
2 21 461
2 22 636
2 23 752
2 24 640
2 25 741
2 26 733
2 27 566
2 28 369
2 29 467
2 30 856
2 31 194
2 32 739
2 33 664
2 34 692
3 4 726
3 5 150
3 6 600
3 7 75
3 8 755
3 9 558
3 10 525
3 11 995
3 12 306
3 13 548
3 14 237
3 15 469
3 16 548
3 17 595
3 18 143
3 19 289
3 20 387
3 21 164
3 22 154
3 23 840
3 24 334
3 25 826
3 26 575
3 27 560
3 28 361
3 29 343
3 30 242
3 31 332
3 32 882
3 33 141
3 34 908
4 5 346
4 6 869
4 7 358
4 8 628
4 9 811
4 10 50
4 11 669
4 12 129
4 13 494
4 14 922
4 15 451
4 16 186
4 17 869
4 18 269
4 19 707
4 20 86
4 21 606
4 22 214
4 23 797
4 24 100
4 25 523
4 26 805
4 27 351
4 28 341
4 29 915
4 30 52
4 31 767
4 32 629
4 33 535
4 34 611
5 6 130
5 7 701
5 8 709
5 9 357
5 10 561
5 11 716
5 12 457
5 13 16
5 14 559
5 15 393
5 16 527
5 17 377
5 18 508
5 19 371
5 20 842
5 21 614
5 22 37
5 23 905
5 24 457
5 25 298
5 26 209
5 27 250
5 28 140
5 29 268
5 30 565
5 31 847
5 32 291
5 33 744
5 34 185
6 7 748
6 8 887
6 9 252
6 10 466
6 11 35
6 12 263
6 13 149
6 14 366
6 15 752
6 16 389
6 17 496
6 18 851
6 19 654
6 20 423
6 21 521
6 22 528
6 23 1000
6 24 190
6 25 983
6 26 873
6 27 993
6 28 970
6 29 278
6 30 463
6 31 125
6 32 451
6 33 195
6 34 502
7 8 269
7 9 970
7 10 900
7 11 22
7 12 575
7 13 758
7 14 262
7 15 355
7 16 404
7 17 768
7 18 541
7 19 797
7 20 585
7 21 192
7 22 367
7 23 73
7 24 190
7 25 372
7 26 593
7 27 533
7 28 666
7 29 688
7 30 289
7 31 848
7 32 677
7 33 209
7 34 362
8 9 344
8 10 332
8 11 217
8 12 307
8 13 97
8 14 920
8 15 487
8 16 872
8 17 661
8 18 167
8 19 859
8 20 359
8 21 999
8 22 658
8 23 574
8 24 309
8 25 143
8 26 150
8 27 280
8 28 647
8 29 865
8 30 259
8 31 296
8 32 41
8 33 717
8 34 848
9 10 904
9 11 218
9 12 600
9 13 996
9 14 695
9 15 702
9 16 498
9 17 15
9 18 469
9 19 619
9 20 983
9 21 767
9 22 842
9 23 844
9 24 494
9 25 843
9 26 695
9 27 409
9 28 349
9 29 372
9 30 83
9 31 597
9 32 850
9 33 351
9 34 479
10 11 215
10 12 123
10 13 644
10 14 27
10 15 378
10 16 280
10 17 234
10 18 199
10 19 244
10 20 388
10 21 553
10 22 698
10 23 546
10 24 975
10 25 782
10 26 511
10 27 283
10 28 390
10 29 634
10 30 235
10 31 169
10 32 666
10 33 155
10 34 969
11 12 147
11 13 181
11 14 122
11 15 726
11 16 166
11 17 280
11 18 76
11 19 548
11 20 303
11 21 160
11 22 298
11 23 27
11 24 762
11 25 308
11 26 264
11 27 228
11 28 871
11 29 153
11 30 513
11 31 644
11 32 23
11 33 78
11 34 449
12 13 263
12 14 315
12 15 400
12 16 250
12 17 275
12 18 142
12 19 951
12 20 408
12 21 208
12 22 142
12 23 767
12 24 61
12 25 215
12 26 7
12 27 777
12 28 182
12 29 248
12 30 304
12 31 591
12 32 187
12 33 130
12 34 883
13 14 643
13 15 467
13 16 295
13 17 57
13 18 992
13 19 174
13 20 541
13 21 140
13 22 951
13 23 969
13 24 910
13 25 956
13 26 228
13 27 166
13 28 241
13 29 363
13 30 359
13 31 785
13 32 919
13 33 753
13 34 132
14 15 412
14 16 422
14 17 32
14 18 947
14 19 779
14 20 922
14 21 232
14 22 872
14 23 529
14 24 815
14 25 141
14 26 740
14 27 802
14 28 16
14 29 900
14 30 898
14 31 383
14 32 851
14 33 322
14 34 427
15 16 149
15 17 947
15 18 869
15 19 155
15 20 366
15 21 277
15 22 824
15 23 225
15 24 966
15 25 51
15 26 627
15 27 91
15 28 407
15 29 700
15 30 249
15 31 904
15 32 77
15 33 930
15 34 801
16 17 124
16 18 371
16 19 978
16 20 934
16 21 423
16 22 629
16 23 544
16 24 143
16 25 846
16 26 996
16 27 880
16 28 23
16 29 249
16 30 533
16 31 974
16 32 334
16 33 179
16 34 370
17 18 231
17 19 358
17 20 230
17 21 695
17 22 902
17 23 743
17 24 20
17 25 718
17 26 960
17 27 235
17 28 815
17 29 812
17 30 704
17 31 530
17 32 698
17 33 449
17 34 172
18 19 824
18 20 589
18 21 668
18 22 29
18 23 26
18 24 837
18 25 685
18 26 875
18 27 21
18 28 505
18 29 458
18 30 439
18 31 527
18 32 182
18 33 362
18 34 624
19 20 404
19 21 20
19 22 829
19 23 935
19 24 842
19 25 528
19 26 154
19 27 458
19 28 581
19 29 928
19 30 134
19 31 276
19 32 716
19 33 98
19 34 276
20 21 915
20 22 130
20 23 205
20 24 280
20 25 945
20 26 894
20 27 581
20 28 739
20 29 541
20 30 147
20 31 371
20 32 410
20 33 423
20 34 801
21 22 803
21 23 271
21 24 879
21 25 914
21 26 821
21 27 302
21 28 158
21 29 278
21 30 133
21 31 841
21 32 11
21 33 951
21 34 115
22 23 373
22 24 527
22 25 94
22 26 140
22 27 595
22 28 593
22 29 84
22 30 935
22 31 112
22 32 396
22 33 994
22 34 400
23 24 285
23 25 340
23 26 753
23 27 328
23 28 695
23 29 61
23 30 875
23 31 827
23 32 288
23 33 380
23 34 128
24 25 184
24 26 564
24 27 955
24 28 586
24 29 389
24 30 861
24 31 481
24 32 170
24 33 689
24 34 616
25 26 856
25 27 800
25 28 552
25 29 958
25 30 918
25 31 582
25 32 747
25 33 92
25 34 700
26 27 190
26 28 397
26 29 491
26 30 850
26 31 896
26 32 135
26 33 168
26 34 969
27 28 373
27 29 828
27 30 453
27 31 647
27 32 695
27 33 118
27 34 135
28 29 327
28 30 230
28 31 423
28 32 806
28 33 198
28 34 580
29 30 209
29 31 808
29 32 839
29 33 426
29 34 927
30 31 789
30 32 864
30 33 625
30 34 65
31 32 884
31 33 299
31 34 762
32 33 164
32 34 213
33 34 286