58 992
25 22 48
22 11 614
11 5 574
5 53 87
53 20 583
20 43 48
43 26 628
26 45 31
45 7 102
7 55 264
55 19 263
19 48 794
48 16 159
16 17 968
17 33 1
33 1 631
1 24 109
24 54 828
54 30 351
30 32 393
32 27 432
27 28 967
28 44 387
44 36 838
36 47 396
47 56 339
56 49 221
49 46 178
46 14 369
14 15 470
15 34 405
34 21 165
21 23 220
23 39 983
39 2 939
2 35 657
35 42 237
42 38 837
38 41 312
41 58 109
58 50 536
50 52 456
52 18 890
18 6 940
6 57 356
57 37 254
37 9 524
9 8 359
8 40 974
40 51 520
51 4 331
4 29 351
29 31 887
31 3 178
3 13 202
13 10 436
10 12 170
45 35 450
35 25 197
46 32 28
28 18 558
32 14 319
39 25 951
55 43 526
49 16 802
41 35 899
15 2 62
39 28 962
54 18 950
43 4 379
28 15 53
50 24 288
25 21 577
26 22 71
55 18 166
51 11 952
23 10 204
54 42 841
32 24 988
15 3 89
39 4 336
37 30 530
40 11 457
58 22 579
26 13 62
41 17 597
47 8 745
55 44 749
52 24 412
40 1 930
54 14 301
51 27 632
36 21 95
35 3 156
11 9 994
21 7 649
54 39 571
42 13 596
28 23 895
30 22 339
37 28 453
53 9 675
27 3 890
52 27 179
38 8 378
44 42 876
44 41 268
52 46 138
46 29 789
41 5 448
58 37 152
24 18 639
40 14 789
48 29 719
51 47 960
46 34 402
51 31 604
20 19 150
39 1 240
57 29 410
45 17 113
18 7 539
41 26 817
39 5 216
21 4 799
12 2 163
40 33 288
42 29 362
50 33 28
54 31 589
47 22 556
51 26 345
58 11 987
29 14 909
26 8 907
42 2 347
55 37 682
49 43 530
31 19 45
47 42 673
54 23 397
33 26 15
45 13 864
49 10 986
33 16 929
38 34 294
54 32 410
9 6 455
19 11 609
19 12 224
31 2 426
35 29 693
27 21 613
50 25 654
37 4 528
55 10 542
14 10 678
25 4 876
40 34 297
52 38 448
23 20 364
56 33 392
45 29 212
19 10 260
56 45 232
58 39 663
52 3 247
22 7 232
14 4 402
50 11 473
16 6 394
27 8 646
49 15 76
54 52 760
27 26 138
33 11 571
35 10 244
44 18 53
45 27 208
58 20 369
44 1 22
48 45 739
48 4 304
30 5 293
43 13 240
35 8 978
50 13 827
42 26 345
24 11 237
58 42 437
57 19 861
53 32 251
43 29 419
56 37 532
23 8 319
31 12 492
53 15 85
52 8 531
55 6 166
57 5 931
56 30 673
33 29 705
58 19 170
14 2 856
43 5 186
46 13 754
33 27 256
31 14 857
4 1 431
51 9 534
39 6 313
13 9 456
20 6 962
55 25 464
40 38 601
46 41 26
54 3 619
56 42 159
54 48 800
51 20 641
39 9 363
58 24 360
32 13 940
22 14 180
26 2 825
50 8 178
51 24 61
38 21 322
58 23 136
52 49 456
43 23 576
12 1 275
12 6 943
50 21 107
12 4 581
28 4 135
33 18 1000
35 1 446
46 37 769
15 1 452
56 29 137
29 26 384
27 25 589
26 17 660
55 53 318
58 51 469
31 8 125
14 5 804
20 5 181
52 44 742
15 8 673
45 38 447
24 5 472
42 27 852
52 47 295
22 21 313
50 9 511
24 4 265
31 22 727
36 4 357
41 20 547
57 16 455
19 5 246
33 10 816
43 31 452
51 45 854
27 23 68
23 18 363
35 34 612
57 9 787
25 8 422
51 10 388
34 29 578
50 4 467
54 13 388
31 13 141
51 6 880
45 15 740
21 20 180
48 18 788
35 28 198
50 6 701
18 14 637
55 33 578
35 26 60
32 1 193
51 17 821
49 42 836
58 28 844
25 18 529
57 28 612
54 47 125
43 12 117
27 20 198
52 13 759
11 2 434
47 9 265
54 11 35
47 27 797
31 11 44
17 8 344
52 40 753
31 7 69
49 18 754
24 9 739
52 12 80
17 3 543
21 10 292
47 20 490
55 50 341
55 45 102
8 5 889
43 16 414
44 20 446
44 38 549
25 13 810
32 21 712
53 27 952
23 15 134
18 1 165
47 33 736
40 18 346
27 2 684
34 13 243
48 2 999
54 9 991
26 21 755
39 10 314
43 24 813
34 31 856
34 25 562
47 19 827
27 1 964
57 27 136
52 41 640
45 32 269
54 7 290
55 1 854
54 22 52
55 9 976
49 8 595
10 4 838
48 15 20
51 15 923
48 41 597
56 7 800
47 30 295
49 21 615
55 47 475
58 43 216
50 10 107
30 9 610
30 12 731
47 26 596
43 36 560
51 29 293
41 18 8
8 7 457
46 10 2
54 50 942
21 19 560
51 46 247
32 9 27
56 41 871
14 11 374
35 4 648
22 17 598
40 28 269
42 23 329
42 19 445
32 5 157
41 7 450
38 32 700
44 9 473
27 12 429
32 16 843
48 8 780
24 19 260
33 4 77
48 26 154
30 1 205
44 40 481
24 3 763
12 7 381
30 14 910
52 35 824
27 5 750
25 3 445
35 27 424
40 35 517
53 8 700
57 21 600
32 2 818
45 22 127
45 10 582
47 10 704
27 24 304
49 11 538
43 19 992
23 11 594
45 18 48
27 17 645
55 21 306
52 1 880
44 13 707
20 8 813
58 2 697
43 14 927
36 35 322
58 56 344
49 5 806
36 3 898
57 50 471
42 33 35
28 14 774
45 39 661
52 26 911
44 12 869
16 11 360
23 13 978
37 12 183
26 6 713
33 21 42
47 28 48
32 6 140
53 38 488
23 22 453
51 35 639
8 6 985
58 1 685
54 15 316
37 27 757
52 11 797
17 10 975
55 36 785
55 11 796
58 36 578
54 29 666
26 7 328
42 4 969
26 16 952
18 15 686
46 31 602
53 37 271
55 38 351
40 32 455
20 4 36
56 6 170
38 37 720
38 27 123
17 12 957
56 27 37
25 15 669
50 3 719
27 9 603
53 31 596
36 16 509
31 23 171
29 20 207
55 28 906
37 24 833
44 5 385
51 25 652
45 25 165
27 13 50
30 27 386
47 41 316
39 32 581
44 35 168
44 32 289
53 25 587
5 2 233
44 7 900
14 6 717
57 18 90
32 22 377
13 4 711
42 12 84
51 28 253
52 10 261
56 44 937
22 15 211
36 15 382
52 16 908
58 45 499
50 35 646
31 25 888
25 9 686
57 56 245
55 24 654
36 24 452
33 32 355
58 15 17
53 43 126
44 16 999
57 52 650
12 11 886
18 16 110
53 10 674
15 4 443
35 12 486
37 22 560
33 9 673
35 6 757
24 12 328
56 40 942
51 23 253
48 44 953
39 24 54
19 6 482
36 26 922
46 43 748
49 31 472
23 3 963
56 35 137
36 30 329
48 1 288
57 22 871
46 11 191
37 5 221
42 9 60
47 1 348
30 3 789
54 41 306
10 1 472
53 48 61
39 14 54
49 39 116
49 40 817
26 4 355
46 36 595
20 15 295
52 30 258
35 21 817
49 22 106
58 48 599
22 1 459
31 10 31
25 17 539
52 28 822
37 6 5
39 27 521
53 6 834
44 2 441
55 35 327
40 23 213
55 16 912
23 5 228
26 12 396
32 4 800
49 9 458
30 19 850
45 37 163
17 15 490
50 27 592
20 18 669
6 5 214
13 5 317
41 33 207
47 23 948
14 3 723
31 27 202
9 2 736
34 16 832
57 38 926
43 18 484
50 19 335
24 14 790
46 7 733
10 2 874
52 33 356
45 14 848
44 29 59
45 3 585
50 22 821
15 13 140
55 39 829
18 3 553
54 17 906
53 17 971
37 7 616
58 38 163
40 16 896
25 1 643
24 6 585
48 35 969
46 35 311
48 17 950
47 16 331
51 18 238
45 33 676
38 25 1
22 3 989
55 51 578
39 17 784
49 20 894
16 9 785
57 2 503
52 19 606
44 31 482
46 44 183
37 14 143
54 51 89
32 3 927
33 28 71
45 20 355
55 22 620
58 53 795
37 36 187
32 31 701
57 8 520
43 25 64
32 12 883
53 51 127
34 11 913
18 5 850
32 10 478
43 6 354
8 4 569
11 6 428
53 49 232
47 15 777
26 3 748
46 4 939
38 24 662
35 16 763
36 34 939
52 4 1
11 4 508
53 23 748
21 18 1
58 40 683
52 7 671
33 15 460
34 5 913
57 17 716
50 38 396
21 8 614
25 19 246
29 17 184
42 25 663
21 1 219
35 32 736
48 38 418
19 14 621
42 30 13
42 20 54
22 4 454
54 5 906
14 12 876
51 21 215
16 12 679
58 18 651
52 20 412
55 14 448
30 6 618
57 36 982
44 39 773
23 16 249
34 8 897
55 5 349
36 29 818
57 15 240
49 1 466
46 33 71
52 15 907
37 10 116
46 2 614
54 33 999
19 4 99
27 4 587
41 28 298
34 6 187
48 23 938
54 10 60
57 48 217
58 5 6
18 4 667
39 30 678
50 1 743
33 31 238
40 6 127
39 16 848
28 19 152
40 39 999
36 32 425
34 7 238
41 6 735
48 46 398
31 30 257
57 40 75
28 25 327
52 45 614
40 12 345
9 4 713
56 3 566
49 38 711
38 15 251
10 7 730
38 3 853
55 41 466
32 26 488
37 17 587
38 26 41
58 7 62
34 12 986
40 22 636
51 3 757
24 17 30
44 22 355
57 55 521
38 28 222
44 4 841
52 22 492
38 11 604
43 28 917
41 39 313
39 21 239
24 13 32
29 24 41
29 3 772
20 17 438
58 27 167
47 31 322
49 45 46
47 37 106
34 23 894
43 32 847
13 8 765
9 3 628
54 19 908
52 23 865
32 23 60
41 16 663
45 41 662
25 24 966
16 7 736
44 21 907
47 34 438
43 38 159
36 10 950
34 10 980
39 33 919
56 10 562
33 19 11
38 7 42
45 11 507
21 11 968
30 25 826
48 33 831
57 33 373
16 15 608
48 13 730
17 1 500
33 24 287
38 19 315
25 20 750
17 6 859
54 35 830
28 17 182
49 24 523
58 16 606
55 17 25
38 22 395
58 4 349
7 3 831
38 6 701
57 26 320
52 42 282
29 1 238
42 1 956
33 30 214
40 30 189
37 33 679
41 36 265
14 9 635
11 7 13
46 28 689
42 17 517
31 21 377
17 9 483
27 16 176
56 4 270
29 21 268
49 33 616
39 26 963
26 18 187
50 12 680
49 14 628
53 19 654
29 5 209
55 26 593
6 3 888
46 15 106
45 8 753
11 10 698
54 6 373
8 1 376
43 39 591
38 4 943
42 28 571
57 4 106
51 49 517
45 19 370
47 45 827
10 3 930
46 21 806
57 43 585
52 14 717
44 30 97
41 11 539
40 31 494
43 15 667
40 4 122
58 29 313
50 26 286
38 12 476
39 37 988
46 40 553
48 47 323
57 31 642
46 6 11
51 48 903
56 1 250
29 18 292
45 36 111
13 11 364
55 20 566
31 9 669
44 27 139
9 1 924
32 19 547
42 32 947
30 28 159
34 22 129
36 6 59
53 33 561
47 21 615
55 31 638
37 19 397
34 30 173
17 4 755
58 33 340
37 34 289
56 43 659
56 24 133
57 20 504
36 23 693
7 1 1000
37 21 725
58 8 435
49 36 563
31 16 127
23 14 112
46 25 505
24 8 560
3 2 376
56 23 853
49 17 155
42 24 799
50 5 412
50 16 671
9 5 989
22 12 956
26 5 330
35 20 846
51 36 168
30 4 18
26 14 38
36 9 229
49 35 217
47 6 462
57 51 468
53 24 101
29 19 944
55 32 785
36 19 913
46 24 281
43 1 802
53 22 297
47 18 131
54 38 600
8 2 832
50 44 752
43 9 884
55 29 7
39 31 182
13 7 124
20 10 435
18 12 60
50 20 765
49 19 830
53 26 986
27 11 212
51 44 617
50 49 419
48 30 545
46 23 13
52 48 235
54 12 422
48 7 586
46 3 437
32 11 944
7 4 852
50 30 75
51 12 225
32 28 656
34 33 126
28 20 471
20 3 615
42 39 168
42 6 578
16 8 533
47 40 549
13 2 176
43 7 691
13 6 599
27 22 151
28 12 62
58 46 621
31 26 925
11 8 341
43 8 50
31 5 642
57 24 968
49 48 458
56 18 528
48 3 143
53 41 567
38 2 342
42 3 313
57 3 287
53 7 277
56 54 413
39 18 929
51 33 735
50 7 672
53 18 607
57 42 794
46 26 400
22 18 380
44 19 150
38 35 208
28 24 225
23 9 630
20 11 490
44 14 780
23 4 483
2 1 98
15 10 8
41 1 994
35 11 419
56 55 214
26 23 911
47 44 218
43 42 123
14 7 268
56 12 786
33 8 474
54 40 480
35 5 804
41 40 81
49 4 890
22 16 997
34 9 799
46 39 127
37 11 782
24 20 648
36 2 269
45 9 485
58 31 64
10 9 552
29 12 968
7 6 958
55 2 244
37 18 85
51 37 943
21 14 225
16 14 59
24 2 904
28 22 828
10 8 595
58 25 816
29 11 862
12 3 286
35 14 418
27 10 166
30 7 753
42 36 944
25 14 18
56 11 231
39 19 247