100
2 1
500 300
900
660
2 1
500 300
1500
809
2 2
50 100
450 449
1100 1101
2 1
500 300
300
500
1 8
10
11 13 17 11 16 14 12 18
1 2
7
38 26
2 3
6 10
12542 15180 15009
24952 20700 20937
2 7
5 7
14 15 5 24 20 45 38
22 77 7 19 32 53 28
2 4
7 5
1403 2620 770 2100
1902 1500 1086 450
2 5
7 9
16235 13809 1890 16304 11200
14400 2970 20278 20855 16763
2 8
6 6
36 66 33 24 52 12 6 19
36 12 52 6 33 26 18 54
1 6
5
505 521 500 550 487 457
2 1
4 9
360
990
2 6
871017 30824
836250 893112 976074 734456 463020 999841
920038 832001 646908 883826 989920 965418
1 7
8
831 762 720 880 800 861 864
2 2
1 4
103 200
800 436
2 4
1 4
600 594 660 625
2329 2410 2400 2160
1 5
100240
722785 926390 813491 288407 987204
1 8
6
54 23 54 51 22 38 6 22
2 8
4 6
4749 4400 4339 3984 4840 4748 4145 3960
7260 6133 6578 7185 6600 5940 6894 6372
1 1
4
379
2 8
8 9
4724 4000 3348 765 6644 1440 5040 2302
7344 2704 837 4500 1980 3741 5221 6930
2 8
10 5
10 9 110 10 10 110 11 9
45 5 5 5 45 5 5 5
2 6
1 2
540 985 2200 200 2199 2003
3600 4300 1925 400 1320 4658
1 7
4
16 33 4 4 28 31 36
2 3
9 7
5750 1682 900
1335 700 4211
1 7
5
5 5 5 5 5 5 55
1 6
328579
998146 735856 546837 837151 425609 745006
2 7
5 10
10505 9402 9495 9403 9628 9411 9510
18298 17190 19020 18454 18990 20219 19363
1 1
2
440
1 2
5
5 5
2 2
8 3
1550 1440
660 556
1 5
18228
719414 759098 905609 823053 993179
2 8
8 1
72 8 8 88 8 8 8 8
9 1 1 1 1 11 1 1
2 5
6 8
1200 2546 1622 632 2700
2232 1600 3349 4400 855
1 8
367111
776821 989472 904354 612880 663729 984106 940773 105834
1 8
10
4 3 6 5 2 7 1 8
2 6
397385 280480
964861 957317 658516 368398 720465 373132
275526 930486 716530 877123 960379 831516
2 2
3 8
1890 3926
10364 6160
2 8
436163 106758
554334 634158 996230 961775 889051 984113 976197 804718
581962 940657 492229 521510 840595 954733 359587 987438
2 8
3 2
24 15 3 23 9 24 6 33
10 16 18 6 15 16 2 4
2 4
8 10
8 8 8 8
10 9 11 11
2 8
5 5
22 45 14 10 14 55 11 35
14 20 10 55 15 35 45 11
2 1
384233 517587
884744
884360
1 5
3
1976 7083 1630 3300 300
2 7
4 5
6876 7072 7143 6840 8243 7354 7584
10505 9265 10432 9480 10450 9582 8790
1 8
6
12753 12137 12024 11262 10800 11982 11953 13266
2 8
143936 468888
999452 992074 909213 753068 642762 988198 698100 863635
899637 919366 537610 970150 727036 627286 644015 639183
1 2
4
5616 2520
1 5
3
810 600 324 1080 1361
2 4
2 5
600 720 198 382
1500 2200 928 478
2 8
5 4
5500 11983 6328 1827 2634 4950 1634 6500
5200 1291 1470 8857 4840 4989 2065 3600
1 8
297147
446749 656828 427038 821705 78157 406231 938186 845234
2 8
1 1
1000000 999999 999998 999997 999996 999995 999994 999993
999992 999991 999990 999989 999988 999987 999986 999985
2 6
4 8
5942 800 8526 8347 5280 8650
16370 16204 8640 18493 1600 11996
2 1
7 8
77
72
1 1
1
2200
2 5
3 7
33 6 15 18 17
45 13 35 42 63
1 3
7
42 56 63
1 2
312166
304422 829841
2 5
3 10
1152 1222 1117 1200 1080
4189 4067 3849 4400 4000
1 2
4
6120 6800
2 5
8 8
2993 3200 3067 3446 2880
3393 2899 3200 3520 3468
1 3
10
5908 6000 5867
1 2
8
1533 856
2 8
9 4
4860 7676 990 1800 2938 3388 4433 6300
1283 2800 3517 1919 1471 2640 360 800
1 8
10
29 30 46 10 27 110 80 10
1 4
1
2501 2289 2698 2761
1 6
8
782 14080 12000 1605 4800 7679
1 4
7
11200 13708 4607 9136
2 8
2 3
210 1016 4558 3000 400 208 1320 4822
327 1620 600 1636 7349 6713 4500 320
2 8
5 1
2700 550 1387 3774 1958 1081 4095 2500
218 90 815 718 277 395 660 500
1 3
1000000
900001 900000 899999
2 8
231297 59691
904318 515739 951351 905864 730113 474919 919294 936974
159733 720857 772008 586891 400524 578121 846695 958596
1 2
4
5328 4680
1 7
6
11299 11223 9774 10830 9720 11620 10215
1 1
10
10
1 3
55248
861269 812854 971507
2 8
8 7
3444 4173 5762 5040 1440 2304 800 4800
4200 5390 2065 1540 5340 2905 3812 700
2 6
3 2
5940 1824 3000 6900 287 5639
4840 1289 3667 2000 4600 182
1 5
235412
999864 675724 890597 821398 877680
2 8
4 9
2400 2615 2160 2640 2413 2429 2470 2190
5482 5662 5507 5052 5826 5940 4860 5400
1 2
2
11 2
1 6
2
1200 1074 660 722 200 360
2 8
5 5
11 35 32 55 5 14 55 18
45 35 32 11 5 14 45 22
1 6
3
1445 311 900 1216 540 1622
1 6
5
5894 6506 6500 12869 12000 5400
1 2
9
63 50
1 6
7
13609 8820 11968 6342 11243 4200
2 5
1 3
1300 1430 1288 1259 1375
3510 4047 3900 4048 3637
2 3
6 8
3296 3565 3600
4800 4658 5189
1 7
7
4421 4933 4987 4900 4558 5390 4900
2 8
6 7
12630 11996 11722 11835 13663 12570 11394 12585
14665 14656 13372 15541 14735 15935 13520 16247
2 8
175543 286238
996362 461159 840184 692257 817869 886843 808280 504890
820175 745781 928658 943589 943324 646945 603664 947885
2 6
2 3
204 217 220 200 193 200
271 316 304 270 300 300
2 8
8 8
9446 10425 11440 9360 11123 9409 10416 10384
10787 9360 10384 10004 10416 11440 9649 10642
1 1
4
3324
1 8
10
16020 17151 17710 15515 15761 15729 14977 17710
2 5
167269 170854
390751 859417 950791 422057 978925
889178 977251 989522 484054 333391
1 6
4
2999 3289 3200 2880 3423 3145
