512
0 1 370
1 2 141
2 3 149
3 4 269
4 5 31
5 6 409
6 7 180
7 8 275
8 9 240
9 10 0
10 11 149
11 12 469
12 13 295
13 14 315
14 15 128
15 16 460
16 17 282
17 18 497
18 19 250
19 20 10
20 21 134
21 22 497
22 23 144
23 24 368
24 25 283
25 26 134
26 27 116
27 28 412
28 29 142
29 30 225
30 31 179
31 32 48
32 33 58
33 34 387
34 35 378
35 36 452
36 37 65
37 38 427
38 39 109
39 40 40
40 41 286
41 42 376
42 43 445
43 44 368
44 45 21
45 46 112
46 47 107
47 48 191
48 49 285
49 50 4
50 51 146
51 52 317
52 53 69
53 54 194
54 55 53
55 56 206
56 57 31
57 58 392
58 59 455
59 60 144
60 61 463
61 62 436
62 63 72
63 64 424
64 65 387
65 66 188
66 67 188
67 68 296
68 69 66
69 70 352
70 71 255
71 72 128
72 73 140
73 74 471
74 75 76
75 76 262
76 77 332
77 78 325
78 79 383
79 80 124
80 81 233
81 82 172
82 83 336
83 84 247
84 85 363
85 86 26
86 87 398
87 88 242
88 89 100
89 90 129
90 91 172
91 92 261
92 93 1
93 94 321
94 95 8
95 96 308
96 97 64
97 98 354
98 99 308
99 100 324
100 101 277
101 102 498
102 103 75
103 104 405
104 105 333
105 106 223
106 107 158
107 108 146
108 109 360
109 110 244
110 111 266
111 112 45
112 113 335
113 114 354
114 115 183
115 116 234
116 117 224
117 118 204
118 119 362
119 120 171
120 121 88
121 122 84
122 123 58
123 124 256
124 125 207
125 126 93
126 127 444
127 128 288
128 129 302
129 130 281
130 131 148
131 132 455
132 133 391
133 134 475
134 135 9
135 136 141
136 137 297
137 138 157
138 139 298
139 140 149
140 141 310
141 142 428
142 143 296
143 144 116
144 145 58
145 146 40
146 147 62
147 148 49
148 149 280
149 150 58
150 151 304
151 152 419
152 153 212
153 154 374
154 155 341
155 156 216
156 157 374
157 158 475
158 159 225
159 160 284
160 161 390
161 162 457
162 163 98
163 164 279
164 165 114
165 166 53
166 167 333
167 168 177
168 169 424
169 170 7
170 171 204
171 172 443
172 173 151
173 174 231
174 175 405
175 176 113
176 177 331
177 178 198
178 179 125
179 180 258
180 181 200
181 182 403
182 183 443
183 184 435
184 185 15
185 186 283
186 187 469
187 188 372
188 189 212
189 190 472
190 191 376
191 192 195
192 193 80
193 194 443
194 195 421
195 196 459
196 197 17
197 198 423
198 199 51
199 200 247
200 201 325
201 202 187
202 203 336
203 204 52
204 205 393
205 206 348
206 207 491
207 208 169
208 209 461
209 210 347
210 211 364
211 212 165
212 213 108
213 214 104
214 215 395
215 216 93
216 217 435
217 218 76
218 219 55
219 220 444
220 221 487
221 222 130
222 223 104
223 224 327
224 225 420
225 226 147
226 227 374
227 228 73
228 229 259
229 230 406
230 231 453
231 232 309
232 233 43
233 234 18
234 235 399
235 236 443
236 237 32
237 238 258
238 239 77
239 240 10
240 241 234
241 242 164
242 243 460
243 244 139
244 245 120
245 246 484
246 247 426
247 248 204
248 249 307
249 250 21
250 251 62
251 252 178
252 253 231
253 254 250
254 255 5
255 256 335
256 257 437
257 258 491
258 259 29
259 260 472
260 261 191
261 262 397
262 263 485
263 264 254
264 265 408
265 266 89
266 267 400
267 268 325
268 269 294
269 270 380
270 271 244
271 272 147
272 273 314
273 274 487
274 275 20
275 276 436
276 277 127
277 278 289
278 279 323
279 280 371
280 281 178
281 282 292
282 283 359
283 284 152
284 285 253
285 286 66
286 287 32
287 288 491
288 289 198
289 290 448
290 291 216
291 292 12
292 293 320
293 294 287
294 295 284
295 296 288
296 297 406
297 298 193
298 299 467
299 300 411
300 301 315
301 302 26
302 303 370
303 304 203
304 305 255
305 306 171
306 307 392
307 308 339
308 309 413
309 310 150
310 311 469
311 312 438
312 313 150
313 314 360
314 315 369
315 316 187
316 317 202
317 318 423
318 319 120
319 320 4
320 321 395
321 322 332
322 323 65
323 324 484
324 325 381
325 326 175
326 327 98
327 328 140
328 329 20
329 330 395
330 331 487
331 332 423
332 333 179
333 334 99
334 335 97
335 336 364
336 337 412
337 338 469
338 339 471
339 340 468
340 341 311
341 342 127
342 343 430
343 344 395
344 345 22
345 346 37
346 347 329
347 348 109
348 349 466
349 350 183
350 351 406
351 352 381
352 353 22
353 354 485
354 355 397
355 356 243
356 357 193
357 358 123
358 359 420
359 360 195
360 361 190
361 362 380
362 363 39
363 364 416
364 365 432
365 366 0
366 367 268
367 368 75
368 369 107
369 370 213
370 371 421
371 372 435
372 373 278
373 374 231
374 375 10
375 376 241
376 377 275
377 378 375
378 379 314
379 380 106
380 381 274
381 382 368
382 383 484
383 384 214
384 385 466
385 386 356
386 387 487
387 388 133
388 389 33
389 390 398
390 391 348
391 392 370
392 393 153
393 394 465
394 395 329
395 396 483
396 397 379
397 398 377
398 399 158
399 400 314
400 401 449
401 402 423
402 403 435
403 404 443
404 405 322
405 406 327
406 407 142
407 408 191
408 409 27
409 410 91
410 411 94
411 412 311
412 413 332
413 414 292
414 415 407
415 416 388
416 417 43
417 418 380
418 419 141
419 420 203
420 421 409
421 422 359
422 423 498
423 424 76
424 425 101
425 426 91
426 427 8
427 428 383
428 429 205
429 430 443
430 431 308
431 432 303
432 433 21
433 434 63
434 435 183
435 436 416
436 437 310
437 438 229
438 439 94
439 440 43
440 441 80
441 442 461
442 443 143
443 444 475
444 445 365
445 446 172
446 447 247
447 448 90
448 449 404
449 450 19
450 451 128
451 452 329
452 453 251
453 454 294
454 455 270
455 456 385
456 457 482
457 458 321
458 459 293
459 460 283
460 461 5
461 462 266
462 463 388
463 464 224
464 465 392
465 466 353
466 467 498
467 468 340
468 469 340
469 470 120
470 471 215
471 472 135
472 473 379
473 474 85
474 475 486
475 476 134
476 477 92
477 478 76
478 479 172
479 480 388
480 481 432
481 482 448
482 483 446
483 484 8
484 485 385
485 486 142
486 487 273
487 488 17
488 489 117
489 490 463
490 491 42
491 492 496
492 493 247
493 494 220
494 495 21
495 496 213
496 497 325
497 498 200
498 499 126
499 500 331
500 501 150
501 502 40
502 503 272
503 504 466
504 505 337
505 506 478
506 507 367
507 508 151
508 509 296
509 510 172
510 511 325
