99
2525 1
2400 5
300 2
120 60
60 90
651393516 1
432092117 6243
376127989 1
15085991 3180
283720239 1
160439448 9037
1000000000 1
1 1
424675444 1
174607054 2261
392700156 1
264997209 4360
1000000000 2
100 10000
200 10000
459745611 1
231562616 8066
271612462 1
128096488 5644
343101347 1
137914156 5184
674828077 1
291149470 2142
97165085 1
43161320 6435
696037416 1
631089133 1879
886630877 1
124963340 5914
2 1
1 1
159090479 1
106429109 507
281951143 1
169246918 2818
18175930 1
5720117 8218
253347245 1
177376307 7875
770258343 1
16817428 6338
952494057 1
388526893 1575
601864303 1
285130368 6781
664183852 1
571470400 1330
1000000000 1
999999999 1
892200867 1
169130773 7752
516493648 1
108818180 4142
234139504 1
172176340 2425
2 1
1 10000
257317373 1
195959241 705
483374848 1
396150821 2777
547986755 1
126578158 7636
605983345 1
446660437 6278
281625780 1
216007596 6477
43931496 1
8848101 6263
826450705 1
188807343 2758
199679098 1
80540907 5613
957120680 1
685146045 1759
751113191 1
193200185 6974
332737359 1
295271275 5892
1000000000 2
999999997 2
999999996 3
989259307 1
758418284 292
681386697 1
244228173 3003
573956134 1
123390046 1534
1000000000 1
1 10000
859299015 1
60664665 2318
90601713 1
26131242 9196
986471397 1
423894649 9543
137450588 2
124953668 7494
43981539 6107
366938308 1
282762778 6475
831575920 1
401897084 1275
1000000000 2
12345676 2
12345675 3
1000000000 2
999999999 2
999999998 3
785350431 1
349079828 1054
551302386 1
495353328 2557
593041484 1
212295235 3635
254330373 1
86343157 5000
717734893 1
41357024 3620
808501962 1
260580370 5571
540858752 1
55522470 3663
1000000000 2
998000000 1
999000000 1
597644448 1
55179252 5702
39446346 1
1639907 857
821132736 1
660088723 6809
708697922 1
173641715 116
978941269 1
897315657 9622
66710514 1
25202025 1640
708903893 1
543159006 8807
1000000000 2
2 2
1 3
282585745 1
210194643 1635
590609696 1
450454264 8722
578036407 1
158117307 8794
664587812 1
608408563 6131
874994483 1
520783842 9791
159574968 1
40369367 8343
246843074 1
106450116 7639
219609333 1
36977639 7430
932564169 1
290897667 8704
1000000000 1
999999999 10000
58342337 2
8766458 7886
39618720 8225
457054203 1
359027259 4408
447691804 1
271786746 3938
72901272 1
46289752 1751
848377780 1
417303721 3490
533999939 1
202938566 8361
359327952 1
7096643 367
200000 2
5001 1
5000 9
116135516 1
35595216 9589
125179562 1
47379233 9256
560777289 1
327181450 7519
342949769 1
198544735 4972
1000000000 2
999999997 3
999999998 2
274354497 1
132742314 8599
778831460 1
121218738 640
36431955 1
5293740 381
506640592 1
162392429 4373
862863960 1
193634248 4287
1000000000 2
998000000 10000
999000000 10000
