300 1000
102 144
274 103
71 300
145 281
215 271
16 21
122 119
192 196
195 57
162 189
82 157
88 169
153 132
14 12
98 18
215 245
130 185
264 154
266 182
266 57
25 276
66 210
43 225
173 181
202 123
121 186
233 55
190 27
80 150
15 257
126 251
62 225
102 90
234 280
108 251
23 67
119 235
248 223
166 107
164 30
247 109
95 239
274 54
179 19
7 174
222 232
262 261
53 34
103 278
267 291
171 104
247 241
272 19
92 231
251 240
234 268
116 258
250 187
97 8
125 60
196 173
33 293
144 27
122 15
171 174
107 227
119 164
244 240
262 191
127 43
2 56
42 124
183 23
32 158
291 92
108 35
76 49
43 185
87 18
270 29
115 200
91 163
129 84
203 71
167 112
93 162
167 37
58 270
160 278
166 284
251 77
223 282
122 164
185 163
173 238
85 288
100 17
170 64
90 213
27 177
111 64
70 250
131 51
42 258
132 18
143 115
66 177
163 226
107 152
281 68
115 181
226 257
153 8
253 95
2 113
27 264
185 212
89 160
145 90
148 145
285 159
108 137
5 280
57 294
67 205
3 40
235 95
205 137
127 292
108 185
81 282
157 179
227 179
128 253
202 26
143 173
199 142
144 290
136 283
98 186
46 137
34 138
180 271
242 16
129 90
133 286
25 105
174 218
115 121
25 139
89 154
71 217
138 106
273 151
74 168
226 68
137 171
182 261
158 72
300 67
274 66
140 177
165 16
8 149
246 273
38 123
164 198
81 67
225 245
164 36
21 146
268 289
182 127
241 23
117 8
150 160
205 168
113 50
222 47
66 86
32 14
184 120
184 192
12 203
99 39
262 118
288 25
60 98
278 53
97 290
78 48
279 54
55 28
245 85
68 269
208 28
10 2
293 98
227 150
216 55
236 37
247 79
181 77
282 155
60 85
11 40
124 268
243 123
299 56
255 92
95 89
240 69
221 125
97 297
147 15
29 188
298 221
112 74
262 137
173 233
24 201
96 184
21 263
172 129
227 115
79 27
74 195
14 55
68 245
157 130
96 134
24 177
288 40
59 257
21 179
256 47
226 49
117 263
32 256
10 189
61 152
114 257
85 127
184 213
135 106
23 136
259 226
233 272
28 158
229 277
2 156
269 184
92 232
108 201
138 127
95 1
28 255
134 192
124 125
191 269
257 5
241 187
166 157
184 146
235 109
133 256
30 272
18 281
89 185
291 15
153 298
272 214
282 241
185 264
282 157
105 47
181 14
85 18
258 61
256 191
25 95
104 295
252 6
118 82
145 27
152 269
197 106
3 123
230 187
45 153
286 144
84 151
65 256
117 104
13 57
21 167
100 162
121 259
223 163
138 74
284 18
170 284
239 104
94 31
34 19
258 35
111 224
299 179
110 292
253 102
118 293
288 220
117 251
213 167
173 221
222 67
161 49
269 20
134 89
136 207
185 119
239 32
231 205
148 152
177 43
236 295
154 109
101 239
69 24
183 167
50 11
88 286
26 49
233 53
45 200
269 254
295 143
57 280
176 248
216 106
210 288
243 56
58 204
141 125
73 92
112 27
243 197
46 105
158 20
43 62
74 232
190 196
284 66
283 261
174 90
294 202
122 251
89 127
224 170
86 162
137 193
275 149
136 72
13 120
251 190
270 89
234 240
173 77
256 245
33 37
29 205
101 142
174 65
88 227
201 115
196 57
227 156
247 102
161 269
96 145
249 47
159 106
35 3
167 90
8 182
43 120
124 248
34 50
161 121
61 256
139 113
56 132
21 28
167 170
159 89
97 93
290 16
263 208
102 44
30 287
246 205
241 281
266 163
91 259
28 8
249 206
202 195
58 23
203 207
154 28
264 216
17 287
159 122
169 245
124 121
102 77
294 33
252 244
280 243
207 293
20 243
295 39
221 81
69 196
147 281
22 237
103 90
72 30
157 89
72 53
57 107
140 75
176 92
52 262
69 15
260 283
57 104
150 146
113 257
81 159
217 169
96 263
275 252
223 168
99 167
243 83
75 197
50 275
102 236
135 33
4 49
118 28
203 296
38 14
300 110
97 12
132 200
220 71
126 110
154 295
193 169
47 54
55 139
282 143
211 173
30 31
247 17
122 140
235 293
59 121
164 81
93 140
174 244
109 40
53 101
24 45
118 218
142 255
221 49
157 286
274 273
101 290
69 179
109 50
161 74
120 90
104 24
35 53
168 207
34 280
156 134
261 145
98 149
294 136
191 144
35 189
154 143
146 6
247 74
52 111
110 281
127 288
298 285
148 146
169 208
64 4
270 224
78 131
8 244
140 218
220 81
140 99
252 287
95 222
117 256
11 249
93 122
105 188
105 181
21 102
138 292
277 223
245 37
30 289
134 92
44 112
170 128
236 203
243 170
193 247
139 19
103 186
297 30
117 224
188 124
24 140
48 246
147 136
291 298
110 202
112 205
180 20
125 267
169 150
93 180
70 148
292 128
74 102
179 297
162 114
124 197
253 197
208 23
52 223
199 32
104 177
289 44
162 36
42 27
288 250
19 203
55 90
256 163
182 51
51 99
48 205
201 131
56 298
161 261
82 173
160 133
148 8
268 146
152 37
152 288
134 204
81 181
53 49
219 193
218 2
54 241
163 206
226 296
168 78
185 213
268 197
169 156
237 68
286 15
170 196
35 234
157 9
264 142
299 112
246 108
288 252
212 158
6 276
75 125
259 285
232 152
60 202
124 149
284 39
117 194
231 253
294 288
283 82
6 55
117 62
256 190
66 67
193 283
98 133
8 32
225 54
211 213
280 202
71 178
219 295
51 122
83 158
184 8
122 112
77 217
175 272
167 222
102 169
269 122
161 273
154 214
59 131
275 71
245 154
98 125
223 290
225 167
70 117
138 199
153 82
53 175
163 85
203 269
98 183
298 111
139 265
23 135
74 59
157 230
251 54
25 24
47 3
123 166
62 202
222 155
269 65
33 1
220 8
60 101
20 86
143 140
162 126
52 112
195 232
57 163
259 167
248 86
210 105
186 89
48 94
81 299
123 45
250 279
184 252
300 40
291 148
220 144
239 120
61 261
251 112
121 213
65 286
259 292
27 263
60 122
188 242
93 203
16 103
35 50
227 163
289 189
187 47
250 179
56 193
80 225
222 13
265 65
102 138
283 211
182 120
152 198
26 45
277 129
139 125
135 74
34 25
199 27
252 9
37 182
263 158
82 264
68 280
192 285
108 39
12 13
48 291
101 23
79 231
127 2
103 125
131 121
68 49
86 140
241 139
232 292
21 229
58 142
92 241
145 212
60 33
239 144
160 250
274 53
159 50
64 14
75 111
234 100
152 212
51 16
53 137
136 172
36 141
197 162
171 145
1 137
262 192
288 98
66 278
45 124
158 29
225 141
199 227
296 266
292 60
105 103
46 258
226 231
214 125
260 285
66 88
200 146
169 108
171 166
92 222
146 109
55 2
135 89
151 263
90 14
93 10
86 274
3 228
3 103
244 143
103 209
246 11
224 300
291 229
141 227
153 180
86 266
212 192
167 120
189 165
172 120
260 234
133 24
197 176
28 190
223 39
47 262
245 251
230 215
192 74
183 122
165 3
167 209
198 300
230 81
18 234
85 27
8 294
164 234
135 282
197 25
56 244
166 283
188 262
266 270
99 160
46 80
291 38
157 272
81 120
136 204
74 271
237 253
65 192
271 181
48 8
177 181
147 150
290 63
277 81
236 255
20 115
284 85
228 16
193 31
299 158
172 233
92 236
155 42
30 163
237 198
286 300
237 256
180 16
73 129
7 57
72 190
183 83
206 295
196 119
41 159
34 213
103 112
27 296
198 219
160 299
281 50
251 52
207 174
159 3
261 43
288 144
143 84
121 128
117 160
138 154
40 150
130 165
175 143
241 260
252 173
111 162
65 184
249 25
26 2
223 92
69 116
144 71
198 159
215 59
146 49
278 138
193 165
163 95
24 119
253 16
262 76
182 216
140 204
222 153
149 135
298 248
258 38
246 189
79 92
152 158
93 172
110 157
158 77
33 75
78 95
192 75
154 255
214 166
82 183
30 254
213 52
155 94
197 163
182 297
39 188
216 171
120 6
219 112
149 192
35 244
200 23
258 100
92 115
217 62
118 135
178 190
186 43
58 212
72 250
278 152
221 286
222 65
213 107
152 108
197 232
288 290
120 98
264 179
203 181
263 90
92 174
222 102
141 123
191 48
2 270
164 105
214 83
78 104
150 217
206 232
190 194
4 244
222 140
252 290
176 139
13 97
235 79
140 123
169 279
166 6
148 16
199 225
172 147
213 152
11 130
296 229
25 228
151 253
300 52
168 50
137 274
233 2
213 98
160 35
260 142
273 162
172 50
225 92
195 180
65 152
287 60
228 246
19 159
79 165
194 146
38 69
255 107
88 151
248 205
68 298
91 218
229 73
116 85
184 103
53 220
236 60
222 53
214 81
228 163
146 80
98 90
124 47
25 242
1 216
53 55
150 231
76 54
63 183
148 44
219 2
77 76
