10 5 3 4
2 5 2 3
91 13 7 62
10 1 3 5
20 100 2 20
2 14 7 1
98 14 40 5
39 13 72 41
42 100 53 43
36 96 99 2
27 86 93 23
22 64 100 67
100 66 2 17
54 18 27 86
56 91 44 29
12 42 15 5
100 100 100 97
97 99 98 96
100 97 99 100
97 98 97 96
95 99 100 97
97 95 97 96
100 96 99 95
99 97 98 100
96 97 98 99
99 96 98 95
100 6 8 53
90 8 1 15
94 3 8 76
94 9 4 35
93 7 8 53
93 1 1 92
92 6 7 76
90 4 3 82
93 3 9 63
98 4 5 95
11 94 100 45
1 100 97 13
11 91 95 59
10 91 91 89
5 92 94 62
1 92 93 98
10 94 97 76
2 96 92 48
7 91 96 26
10 94 94 43
1 100 100 1
0 0 0 0
