100
4 4
1.4000
0.5000 0.7000 0.8000 0.6000
2 2
1.0000
0.0000 0.0000
2 2
0.0000
0.9000 0.8000
2 2
0.1000
0.4000 0.5000
50 50
17.7598
0.8192 0.3843 0.4067 0.7716 0.3083 0.0153 0.9339 0.5097 0.1500 0.4354 0.3826 0.8938 0.6183 0.0089 0.4077 0.0517 0.5603 0.8949 0.3109 0.1338 0.8811 0.8546 0.5268 0.8018 0.8532 0.6207 0.2872 0.1845 0.7590 0.8978 0.2199 0.5364 0.6416 0.5097 0.5667 0.8654 0.8049 0.8465 0.5025 0.3474 0.2109 0.3796 0.4827 0.5700 0.6583 0.7299 0.5576 0.4455 0.7649 0.1100
2 2
0.3333
0.5000 0.5000
48 48
14.9495
0.4222 0.5997 0.1950 0.3946 0.7245 0.5580 0.4031 0.7826 0.5109 0.4878 0.8022 0.9315 0.9107 0.8135 0.8090 0.6002 0.6262 0.7686 0.2665 0.0062 0.3730 0.8770 0.7180 0.7190 0.6432 0.1380 0.2915 0.0971 0.4264 0.6302 0.9956 0.6743 0.0501 0.8113 0.1189 0.4846 0.3427 0.4426 0.7431 0.6756 0.6923 0.4284 0.4013 0.8718 0.1498 0.2045 0.6164 0.9311
50 50
17.8259
0.5765 0.8255 0.6893 0.9007 0.4925 0.5959 0.8727 0.1024 0.8688 0.9624 0.3300 0.8971 0.9880 0.8153 0.4257 0.3854 0.7678 0.5820 0.5695 0.1156 0.2076 0.5439 0.5031 0.1385 0.4066 0.8621 0.8848 0.4193 0.0365 0.7474 0.4654 0.0831 0.6593 0.8493 0.3179 0.6369 0.5928 0.4436 0.2327 0.2957 0.6530 0.8493 0.2155 0.2872 0.3106 0.0461 0.7591 0.0289 0.5612 0.3285
46 46
18.4699
0.7935 0.7991 0.7320 0.5859 0.9448 0.0752 0.9900 0.2091 0.4124 0.2537 0.0469 0.8455 0.8013 0.2779 0.5556 0.9397 0.9931 0.2790 0.9326 0.3115 0.7587 0.1539 0.5436 0.6521 0.5142 0.9014 0.3876 0.8679 0.1576 0.9498 0.2208 0.2331 0.0651 0.5134 0.3984 0.9335 0.2879 0.7712 0.0434 0.4244 0.5617 0.9481 0.0312 0.1820 0.0507 0.0829
48 48
17.3908
0.1659 0.7135 0.4747 0.5479 0.8673 0.6050 0.4999 0.6886 0.7080 0.4023 0.3029 0.3769 0.0576 0.7023 0.9945 0.6001 0.0897 0.6110 0.9362 0.7977 0.6246 0.6806 0.3116 0.4173 0.3133 0.7419 0.6559 0.7490 0.6761 0.9637 0.5170 0.9714 0.5197 0.7822 0.6352 0.0153 0.4635 0.9081 0.0103 0.8921 0.8401 0.2058 0.8277 0.5087 0.9360 0.5697 0.9591 0.8830
50 50
16.9480
0.5044 0.2483 0.0037 0.2719 0.7216 0.8689 0.7968 0.4633 0.8748 0.1004 0.8242 0.7626 0.5893 0.8206 0.7619 0.5751 0.7783 0.4056 0.8686 0.3030 0.7441 0.6721 0.4871 0.1351 0.1417 0.8157 0.5885 0.8860 0.8811 0.3203 0.8323 0.6858 0.4950 0.6801 0.8148 0.7153 0.0621 0.6744 0.6130 0.9502 0.9804 0.5822 0.6430 0.1070 0.1981 0.6745 0.4586 0.4523 0.9207 0.2088
45 45
17.1865
0.9510 0.1921 0.5622 0.5043 0.0890 0.7976 0.6040 0.6775 0.5315 0.5002 0.8196 0.6178 0.2741 0.8095 0.5455 0.8528 0.3759 0.0219 0.1791 0.4429 0.9530 0.1243 0.1206 0.0855 0.4695 0.9094 0.3479 0.0580 0.8262 0.7005 0.8942 0.0443 0.0416 0.8004 0.4649 0.4342 0.1526 0.2195 0.4230 0.0911 0.5713 0.9051 0.6869 0.0278 0.1247
50 50
33.3350
0.3333 0.3333 0.3333 0.3333 0.3333 0.3333 0.3333 0.3333 0.3333 0.3333 0.3333 0.3333 0.3333 0.3333 0.3333 0.3333 0.3333 0.3333 0.3333 0.3333 0.3333 0.3333 0.3333 0.3333 0.3333 0.3333 0.3333 0.3333 0.3333 0.3333 0.3333 0.3333 0.3333 0.3333 0.3333 0.3333 0.3333 0.3333 0.3333 0.3333 0.3333 0.3333 0.3333 0.3333 0.3333 0.3333 0.3333 0.3333 0.3333 0.3333
45 45
3.5904
0.1272 0.3252 0.2414 0.7398 0.3880 0.3655 0.4581 0.4820 0.5127 0.3324 0.9563 0.3308 0.2692 0.4520 0.1847 0.3028 0.4568 0.4031 0.6942 0.9111 0.4654 0.1720 0.5679 0.1018 0.7248 0.3085 0.2361 0.6697 0.4244 0.1824 0.4972 0.8465 0.3892 0.5776 0.4465 0.3448 0.8075 0.8945 0.7122 0.8268 0.7976 0.3233 0.5221 0.7715 0.1036
50 50
1.0000
0.0000 0.0000 0.0000 0.0000 0.0000 0.0000 0.0000 0.0000 0.0000 0.0000 0.0000 0.0000 0.0000 0.0000 0.0000 0.0000 0.0000 0.0000 0.0000 0.0000 0.0000 0.0000 0.0000 0.0000 0.0000 0.0000 0.0000 0.0000 0.0000 0.0000 0.0000 0.0000 0.0000 0.0000 0.0000 0.0000 0.0000 0.0000 0.0000 0.0000 0.0000 0.0000 0.0000 0.0000 0.0000 0.0000 0.0000 0.0000 0.0000 0.0000
45 45
16.8950
0.7153 0.3374 0.0360 0.9740 0.6956 0.4165 0.4147 0.7843 0.7184 0.7200 0.7783 0.4334 0.5144 0.3497 0.2677 0.2614 0.5899 0.6598 0.9626 0.6363 0.1772 0.5047 0.8818 0.8985 0.8600 0.6916 0.6337 0.2253 0.0281 0.3429 0.2841 0.4489 0.2614 0.4830 0.5617 0.5125 0.7971 0.2945 0.7018 0.5038 0.4896 0.7231 0.0687 0.9417 0.9693
45 45
18.9299
0.3604 0.0954 0.8697 0.1424 0.6078 0.5026 0.7589 0.2846 0.4242 0.4833 0.9177 0.3898 0.6195 0.7679 0.9216 0.7897 0.0578 0.6869 0.3571 0.5641 0.8127 0.5645 0.9693 0.9033 0.3187 0.1793 0.9874 0.1668 0.5306 0.0959 0.0621 0.6544 0.3243 0.5208 0.6977 0.1795 0.9485 0.8237 0.0703 0.6157 0.7677 0.5454 0.8347 0.0182 0.3076
2 2
0.0000
1.0000 1.0000
46 46
16.3565
0.4096 0.9270 0.3073 0.7747 0.9941 0.7061 0.3734 0.0269 0.6150 0.7645 0.9296 0.7200 0.2317 0.3184 0.0587 0.5782 0.7799 0.2754 0.8846 0.5345 0.8652 0.0072 0.6473 0.3049 0.2280 0.9453 0.1297 0.5419 0.8545 0.0157 0.4565 0.1175 0.2191 0.5773 0.8756 0.2401 0.6289 0.7621 0.9991 0.3109 0.2354 0.2045 0.2892 0.3349 0.8546 0.0469
2 2
0.3333
0.0000 0.0000
46 46
21.2095
0.9045 0.0963 0.9172 0.0653 0.0670 0.7461 0.0017 0.6129 0.5460 0.5960 0.2764 0.3728 0.4615 0.8375 0.2150 0.7073 0.3505 0.3432 0.3751 0.3335 0.3005 0.0612 0.3050 0.3880 0.0735 0.5889 0.9306 0.0773 0.2952 0.9168 0.3028 0.9971 0.5606 0.6006 0.7812 0.2659 0.2583 0.7717 0.5329 0.4078 0.1385 0.9478 0.1298 0.9600 0.6142 0.8176
47 47
19.7368
0.2480 0.9624 0.8030 0.5032 0.2649 0.3405 0.5060 0.8076 0.0622 0.7379 0.3481 0.0791 0.5549 0.4718 0.7699 0.5834 0.8607 0.4165 0.2705 0.8524 0.6307 0.3908 0.4673 0.0104 0.8290 0.3331 0.5946 0.6689 0.6615 0.8351 0.3954 0.0226 0.0590 0.3429 0.2353 0.9727 0.6633 0.2517 0.9623 0.3913 0.0254 0.9226 0.3901 0.7674 0.4706 0.2527 0.1744
4 4
1.3999
0.7000 0.5000 0.6000 0.8000
50 50
20.1436
0.9092 0.4619 0.2250 0.0179 0.6731 0.9054 0.9040 0.2250 0.3123 0.1507 0.8024 0.5864 0.3999 0.0113 0.9493 0.1789 0.8508 0.2429 0.9406 0.0986 0.2652 0.7260 0.1281 0.9539 0.6801 0.2447 0.9897 0.1307 0.7604 0.8201 0.8114 0.1118 0.1293 0.0613 0.9801 0.0709 0.5538 0.4117 0.5471 0.2873 0.4605 0.3167 0.3389 0.4831 0.6734 0.5566 0.1538 0.0591 0.0546 0.4370
47 47
17.8542
0.6496 0.4584 0.2705 0.3287 0.8325 0.5137 0.8471 0.0721 0.6920 0.7783 0.6426 0.6561 0.3481 0.5196 0.0250 0.5604 0.5034 0.9159 0.8059 0.2431 0.3050 0.2060 0.0433 0.3556 0.2700 0.0202 0.6937 0.7550 0.3483 0.8447 0.2902 0.5791 0.8369 0.2658 0.6416 0.3475 0.0688 0.2750 0.2345 0.3376 0.4993 0.3446 0.6280 0.1889 0.5176 0.3836 0.8603
50 50
21.4141
0.4005 0.3066 0.1533 0.5925 0.0288 0.1699 0.1201 0.6607 0.4106 0.6173 0.5279 0.2855 0.1872 0.3989 0.4682 0.7835 0.1130 0.1843 0.6579 0.9225 0.0095 0.6403 0.0045 0.3800 0.5179 0.8076 0.2296 0.0759 0.4950 0.2754 0.9867 0.0033 0.0922 0.5331 0.5963 0.7298 0.9327 0.5787 0.3820 0.2917 0.2814 0.3285 0.5627 0.5163 0.1453 0.9704 0.0367 0.9056 0.8750 0.2582
50 50
21.3242
0.0380 0.4815 0.8497 0.2544 0.5417 0.8657 0.4929 0.6592 0.3884 0.0995 0.3735 0.2867 0.9565 0.3460 0.3909 0.8650 0.0936 0.5309 0.7737 0.8933 0.6128 0.9928 0.4771 0.2194 0.3283 0.0924 0.5484 0.4411 0.2605 0.0443 0.2697 0.6592 0.5953 0.9972 0.5974 0.0450 0.9931 0.2458 0.1339 0.8633 0.1953 0.1820 0.6182 0.5543 0.6563 0.7149 0.3644 0.4874 0.3307 0.0490
46 46
21.9974
0.5509 0.9519 0.5971 0.2114 0.2301 0.4998 0.0996 0.5729 0.5225 0.5152 0.4459 0.5451 0.6330 0.1356 0.8532 0.2722 0.4899 0.4150 0.8448 0.7073 0.5093 0.8117 0.6422 0.0242 0.3149 0.1565 0.2603 0.9084 0.2246 0.5761 0.4726 0.0679 0.4256 0.3543 0.1681 0.6188 0.2701 0.6638 0.0682 0.1496 0.1903 0.1321 0.3993 0.4095 0.9993 0.4440
50 50
0.0000
0.0000 0.0000 0.0000 0.0000 0.0000 0.0000 0.0000 0.0000 0.0000 0.0000 0.0000 0.0000 0.0000 0.0000 0.0000 0.0000 0.0000 0.0000 0.0000 0.0000 0.0000 0.0000 0.0000 0.0000 0.0000 0.0000 0.0000 0.0000 0.0000 0.0000 0.0000 0.0000 0.0000 0.0000 0.0000 0.0000 0.0000 0.0000 0.0000 0.0000 0.0000 0.0000 0.0000 0.0000 0.0000 0.0000 0.0000 0.0000 0.0000 0.0000
49 49
20.3184
0.8419 0.1877 0.8321 0.7637 0.8333 0.1296 0.7104 0.4583 0.3861 0.6606 0.3574 0.3612 0.2813 0.4596 0.9444 0.9981 0.8956 0.7082 0.0694 0.4940 0.0781 0.5958 0.8173 0.6264 0.5849 0.9889 0.1522 0.0104 0.2792 0.8588 0.8641 0.2621 0.7853 0.9789 0.6271 0.1616 0.4619 0.6719 0.3220 0.9203 0.3442 0.5086 0.0622 0.9824 0.5273 0.4352 0.3293 0.5739 0.5572
47 47
19.6826
0.2926 0.9497 0.2954 0.1242 0.2312 0.8813 0.7084 0.6584 0.9071 0.1407 0.3002 0.2288 0.8753 0.6132 0.6467 0.2957 0.9382 0.6358 0.4983 0.9321 0.8468 0.3249 0.2808 0.0370 0.7184 0.7203 0.0711 0.6523 0.8839 0.1574 0.1264 0.1635 0.3360 0.0491 0.3130 0.7849 0.4949 0.9993 0.7592 0.2816 0.5836 0.8865 0.5448 0.2118 0.2883 0.8466 0.2375
47 47
18.6479
0.4578 0.9661 0.8825 0.4988 0.7934 0.9994 0.2128 0.0864 0.9566 0.3205 0.6361 0.9191 0.4667 0.5663 0.6945 0.7290 0.9691 0.6225 0.9999 0.6554 0.5162 0.5497 0.8070 0.6864 0.0953 0.8614 0.2094 0.6040 0.5398 0.2772 0.4158 0.0791 0.8514 0.8708 0.3572 0.8578 0.0596 0.0326 0.6731 0.2210 0.3954 0.4729 0.7296 0.0694 0.3944 0.8219 0.2181
47 47
19.7658
0.6933 0.3465 0.8203 0.8954 0.2489 0.8604 0.8242 0.5531 0.3229 0.6432 0.8426 0.1843 0.3447 0.7959 0.5923 0.9526 0.0786 0.6739 0.8377 0.5205 0.4293 0.1976 0.1368 0.7684 0.8015 0.9625 0.5037 0.5526 0.6595 0.1912 0.2539 0.1552 0.6590 0.1516 0.7030 0.7023 0.6256 0.4705 0.4938 0.1962 0.1357 0.0405 0.2522 0.1011 0.0194 0.2488 0.5970
45 45
18.7529
0.5213 0.3044 0.3746 0.7319 0.6056 0.5854 0.2083 0.5707 0.6146 0.1634 0.8497 0.0183 0.0988 0.5527 0.3487 0.9484 0.4980 0.1743 0.4033 0.7268 0.1631 0.2894 0.6368 0.3271 0.6229 0.0963 0.7552 0.5155 0.6501 0.6306 0.2356 0.6440 0.5006 0.7890 0.2490 0.4740 0.8507 0.5080 0.4870 0.8376 0.9821 0.2027 0.6447 0.2168 0.1214
45 45
17.9395
0.2958 0.3584 0.9517 0.0175 0.4875 0.8264 0.6703 0.3118 0.8353 0.9974 0.9504 0.9704 0.9192 0.3371 0.8760 0.3202 0.2720 0.3373 0.0736 0.7331 0.3042 0.0651 0.0502 0.3620 0.4629 0.1573 0.0122 0.9016 0.4203 0.1927 0.1679 0.5973 0.3809 0.5319 0.8904 0.3389 0.7293 0.6721 0.2870 0.3354 0.9451 0.7743 0.8278 0.2193 0.0305
50 50
1.0000
0.3333 0.3333 0.3333 0.3333 0.3333 0.3333 0.3333 0.3333 0.3333 0.3333 0.3333 0.3333 0.3333 0.3333 0.3333 0.3333 0.3333 0.3333 0.3333 0.3333 0.3333 0.3333 0.3333 0.3333 0.3333 0.3333 0.3333 0.3333 0.3333 0.3333 0.3333 0.3333 0.3333 0.3333 0.3333 0.3333 0.3333 0.3333 0.3333 0.3333 0.3333 0.3333 0.3333 0.3333 0.3333 0.3333 0.3333 0.3333 0.3333 0.3333
45 45
19.6718
0.5705 0.6156 0.0943 0.5374 0.7673 0.8420 0.3762 0.1151 0.3999 0.0314 0.6969 0.5858 0.4013 0.6783 0.0325 0.4756 0.8019 0.8654 0.5498 0.5595 0.1236 0.8851 0.3434 0.9889 0.4261 0.1548 0.5642 0.7624 0.9373 0.1520 0.1472 0.4007 0.0713 0.5442 0.1491 0.6334 0.4014 0.1325 0.9806 0.7813 0.4295 0.8575 0.1233 0.1082 0.3659
45 45
17.2670
0.7187 0.5268 0.5059 0.3545 0.4234 0.4283 0.2495 0.5522 0.5010 0.2220 0.3717 0.2291 0.0001 0.6769 0.9870 0.1936 0.9591 0.6948 0.0167 0.2280 0.9583 0.8670 0.2268 0.1123 0.2510 0.3253 0.7718 0.2985 0.1883 0.7309 0.7954 0.0931 0.5854 0.8364 0.6378 0.8562 0.3975 0.0116 0.0968 0.1331 0.7947 0.1716 0.3035 0.6621 0.0678
46 46
17.5202
0.9179 0.4420 0.6338 0.1086 0.4137 0.3624 0.5385 0.5828 0.4563 0.0393 0.1922 0.1433 0.6077 0.3240 0.3088 0.1442 0.7265 0.3599 0.5283 0.0067 0.0326 0.2145 0.8130 0.7616 0.3482 0.3624 0.2393 0.7107 0.0695 0.5343 0.4506 0.7796 0.9238 0.3177 0.2907 0.5639 0.7238 0.9820 0.1680 0.6937 0.8239 0.2986 0.6717 0.3161 0.8669 0.9833
48 48
17.0819
0.7146 0.3134 0.9912 0.0153 0.1331 0.2228 0.6513 0.8197 0.2507 0.9289 0.2213 0.1053 0.7783 0.1116 0.8479 0.4110 0.7836 0.9251 0.2097 0.9617 0.7238 0.3573 0.5251 0.7725 0.9063 0.3438 0.3548 0.7382 0.9129 0.7900 0.0135 0.0335 0.6965 0.7346 0.1506 0.3744 0.9546 0.3969 0.5824 0.3636 0.2615 0.7728 0.9935 0.6360 0.7696 0.0328 0.5257 0.1896
50 50
26.0786
0.6851 0.8716 0.2850 0.5866 0.2177 0.3544 0.3793 0.2212 0.6218 0.1463 0.3439 0.6589 0.4633 0.2967 0.8653 0.6347 0.2132 0.3901 0.2734 0.4614 0.7484 0.4717 0.8633 0.7260 0.9495 0.5362 0.4198 0.1620 0.3186 0.0393 0.4557 0.2030 0.9346 0.5161 0.2875 0.4587 0.6155 0.1841 0.6111 0.7670 0.8066 0.1174 0.1054 0.5806 0.2557 0.7575 0.9510 0.0893 0.5164 0.1017
46 46
18.1099
0.9115 0.1689 0.1944 0.2524 0.1387 0.0711 0.0897 0.2457 0.3122 0.1238 0.3793 0.5947 0.8780 0.5543 0.0661 0.7172 0.5288 0.9438 0.7662 0.9302 0.8003 0.4863 0.2882 0.8782 0.9093 0.5969 0.9162 0.8865 0.1154 0.6313 0.6785 0.8767 0.6838 0.9354 0.8575 0.6561 0.6332 0.5775 0.2528 0.4986 0.0540 0.6190 0.7104 0.1895 0.6132 0.2985
47 47
16.9938
0.6286 0.1522 0.1685 0.8820 0.3821 0.0622 0.4770 0.8212 0.3051 0.5813 0.5780 0.9900 0.3521 0.3334 0.2076 0.6124 0.5818 0.6901 0.9038 0.7419 0.7442 0.2292 0.3857 0.7192 0.4164 0.5662 0.4902 0.5534 0.8207 0.2518 0.7306 0.0576 0.8060 0.1540 0.3731 0.7465 0.9872 0.6395 0.4596 0.7610 0.6712 0.2182 0.9404 0.0416 0.0768 0.8586 0.8441
49 49
2.2603
0.2062 0.5509 0.3545 0.2235 0.0852 0.5352 0.7213 0.4606 0.2017 0.7444 0.6857 0.2368 0.4581 0.4856 0.1679 0.7064 0.5165 0.5095 0.1762 0.3106 0.2869 0.7481 0.6873 0.0739 0.8491 0.7694 0.7932 0.4795 0.5337 0.8691 0.5154 0.8378 0.7809 0.4379 0.6942 0.2831 0.1160 0.7961 0.3850 0.9229 0.0706 0.4266 0.5347 0.8561 0.6047 0.8354 0.7001 0.1329 0.6125
1 1
0.0000
1.0000
49 49
20.1488
0.1477 0.4655 0.9432 0.2272 0.5106 0.8253 0.0661 0.3332 0.6273 0.3851 0.6940 0.8277 0.6029 0.7364 0.9606 0.0018 0.2370 0.9088 0.4927 0.1322 0.9845 0.6676 0.7759 0.6286 0.8198 0.7225 0.4976 0.4161 0.4284 0.3390 0.6229 0.5737 0.5790 0.2536 0.4482 0.7902 0.8420 0.9159 0.7459 0.7613 0.6076 0.2013 0.5287 0.9861 0.0519 0.5684 0.3488 0.1887 0.8658
1 1
0.3333
0.0000
50 50
14.5259
0.3975 0.5786 0.6565 0.0520 0.3330 0.9172 0.8552 0.1785 0.2010 0.3823 0.7079 0.9426 0.5842 0.7412 0.4521 0.1181 0.6902 0.0495 0.1451 0.8758 0.0666 0.1301 0.3510 0.4899 0.5042 0.5023 0.4699 0.9262 0.9055 0.2946 0.7246 0.7105 0.0433 0.4916 0.1006 0.8247 0.7056 0.4845 0.8896 0.9722 0.8835 0.9925 0.8075 0.7173 0.9303 0.7575 0.4612 0.7615 0.8150 0.9047
45 45
20.0633
0.6056 0.6428 0.2484 0.0672 0.4378 0.0253 0.9179 0.1277 0.2571 0.8924 0.7179 0.0849 0.7972 0.6136 0.2657 0.7710 0.3187 0.2030 0.8713 0.5773 0.1020 0.1157 0.4924 0.4891 0.1060 0.3957 0.9071 0.7265 0.8088 0.8951 0.0596 0.4207 0.5171 0.2023 0.1500 0.3189 0.5447 0.5354 0.0513 0.3157 0.8437 0.5361 0.2239 0.0863 0.0718
4 4
0.0001
0.0000 0.0000 0.0000 0.0000
46 46
20.5535
0.9186 0.0977 0.6093 0.2675 0.5996 0.4918 0.2001 0.1335 0.0051 0.9869 0.3442 0.4230 0.2338 0.1259 0.0669 0.6004 0.7903 0.2714 0.0025 0.9788 0.9647 0.0379 0.0204 0.2891 0.0909 0.7866 0.9941 0.9113 0.7188 0.7712 0.4024 0.4260 0.9828 0.7582 0.9209 0.8682 0.8673 0.7932 0.2760 0.2587 0.1207 0.3105 0.2640 0.8256 0.3962 0.4484
50 50
23.3155
0.3626 0.0837 0.3742 0.2745 0.8509 0.1020 0.5891 0.3685 0.6218 0.9208 0.1908 0.6504 0.7570 0.4243 0.0588 0.8781 0.5342 0.9601 0.0351 0.4703 0.9986 0.6123 0.3425 0.4653 0.6528 0.7921 0.8960 0.2401 0.8685 0.0879 0.7333 0.5746 0.9098 0.1295 0.3312 0.4867 0.4857 0.8293 0.1869 0.3817 0.1773 0.7370 0.7699 0.0837 0.4419 0.3724 0.9130 0.7134 0.5694 0.1982
48 48
18.0058
0.4382 0.3608 0.3352 0.0027 0.6681 0.9235 0.7874 0.8116 0.4722 0.2168 0.2190 0.3429 0.0109 0.0470 0.8476 0.9035 0.1832 0.7539 0.2730 0.5385 0.7440 0.0002 0.2148 0.3717 0.4850 0.3730 0.7500 0.4617 0.3409 0.6644 0.3398 0.4901 0.1150 0.3279 0.2136 0.4294 0.9348 0.7477 0.2301 0.7254 0.4581 0.3397 0.7978 0.5427 0.0261 0.4724 0.9741 0.7580
47 47
19.1002
0.4711 0.8556 0.1663 0.6797 0.5349 0.5090 0.0956 0.5572 0.7613 0.0332 0.3425 0.4034 0.3512 0.1905 0.6315 0.0845 0.0238 0.1098 0.8121 0.4404 0.6772 0.3534 0.5364 0.0129 0.5351 0.9986 0.0528 0.6453 0.4171 0.0862 0.1484 0.2646 0.9012 0.6281 0.4647 0.3838 0.2580 0.6535 0.7276 0.7914 0.9291 0.2564 0.3893 0.5924 0.7492 0.1309 0.3784
46 46
17.3909
0.1965 0.3137 0.0870 0.4391 0.1879 0.0977 0.6436 0.3410 0.7767 0.7388 0.6663 0.9931 0.0959 0.5784 0.0315 0.9218 0.9308 0.8170 0.3839 0.9566 0.4819 0.9631 0.2191 0.3341 0.3411 0.8125 0.5788 0.6264 0.8921 0.0654 0.8137 0.5632 0.7049 0.9928 0.1474 0.1906 0.0304 0.4591 0.5093 0.3727 0.1305 0.0078 0.6725 0.6487 0.1435 0.7417
45 45
17.3558
0.3781 0.4645 0.1510 0.5985 0.8920 0.8251 0.6920 0.3993 0.5644 0.2880 0.2713 0.7774 0.2979 0.0053 0.5964 0.4836 0.2337 0.2280 0.9052 0.8713 0.5107 0.9141 0.4538 0.1793 0.3913 0.6061 0.2308 0.7655 0.0558 0.2512 0.6006 0.6368 0.9796 0.2736 0.3291 0.5849 0.6968 0.6361 0.0859 0.5202 0.5671 0.4055 0.8634 0.0962 0.6215
48 48
25.9176
0.1221 0.3466 0.1399 0.0837 0.8619 0.9285 0.8564 0.4018 0.2395 0.5919 0.6560 0.4954 0.2526 0.9618 0.5999 0.0992 0.7866 0.9934 0.0205 0.2471 0.9107 0.5209 0.1407 0.7519 0.8968 0.5247 0.7163 0.1272 0.8769 0.3572 0.2819 0.4968 0.0060 0.0374 0.1445 0.6239 0.3966 0.4594 0.5067 0.7725 0.3871 0.5387 0.1277 0.2856 0.4093 0.2335 0.1339 0.1473
47 47
0.5837
0.5026 0.6696 0.8003 0.5956 0.7999 0.4499 0.4096 0.0082 0.5646 0.2756 0.1213 0.2637 0.2916 0.8207 0.0343 0.7335 0.9160 0.3793 0.8283 0.7619 0.6048 0.8463 0.3154 0.9918 0.1291 0.8867 0.5373 0.3682 0.5064 0.5603 0.0304 0.8177 0.2976 0.7012 0.6586 0.4186 0.1457 0.8738 0.9137 0.6248 0.7970 0.4740 0.7741 0.6131 0.7167 0.3950 0.3602
48 48
16.2901
0.9504 0.3738 0.8458 0.5409 0.8500 0.8653 0.4207 0.9159 0.1759 0.2341 0.3994 0.0704 0.7345 0.0764 0.6331 0.9518 0.4028 0.0735 0.2932 0.2893 0.3596 0.9793 0.9968 0.6970 0.4517 0.2658 0.9767 0.3385 0.3290 0.3129 0.8628 0.8372 0.9162 0.8729 0.0342 0.0725 0.6725 0.7769 0.3873 0.2963 0.7605 0.0175 0.3080 0.5071 0.4265 0.6666 0.7466 0.0134
46 46
13.7717
0.1754 0.5191 0.8215 0.4696 0.1972 0.6217 0.4251 0.3519 0.8203 0.8925 0.8185 0.5027 0.9644 0.9525 0.2815 0.5087 0.7467 0.0120 0.4428 0.8723 0.9524 0.4836 0.7718 0.7652 0.4831 0.5485 0.1618 0.8745 0.7625 0.6299 0.2052 0.8776 0.7426 0.9724 0.7266 0.4093 0.6987 0.8499 0.5909 0.2338 0.7770 0.7770 0.4988 0.9389 0.0912 0.7231
49 49
16.0266
0.6351 0.7281 0.6475 0.7622 0.2187 0.3933 0.4842 0.6301 0.7459 0.7020 0.3578 0.8326 0.9007 0.0949 0.3828 0.1407 0.1418 0.8297 0.9425 0.5976 0.2554 0.9079 0.8852 0.6848 0.9927 0.3978 0.6063 0.3344 0.9047 0.6897 0.8323 0.1552 0.3158 0.5169 0.5781 0.0353 0.5505 0.8569 0.5363 0.9760 0.2113 0.0719 0.1483 0.6190 0.2129 0.9716 0.7579 0.7480 0.2501
1 1
0.3333
0.5000
50 50
15.4743
0.8520 0.5200 0.9864 0.6157 0.8556 0.5526 0.9684 0.9171 0.4852 0.2782 0.5854 0.1066 0.2189 0.0315 0.9094 0.3674 0.6684 0.8032 0.8974 0.8557 0.5459 0.8422 0.5466 0.3581 0.3714 0.1476 0.7323 0.5843 0.1401 0.6316 0.1891 0.4793 0.9180 0.7395 0.4133 0.8248 0.5627 0.9235 0.3408 0.9621 0.2732 0.9546 0.3458 0.2929 0.3716 0.8081 0.9349 0.4373 0.3572 0.9830
50 50
0.6901
0.7951 0.0539 0.0857 0.5154 0.2215 0.9926 0.1224 0.1842 0.8265 0.3158 0.8871 0.7205 0.1090 0.3724 0.3337 0.6759 0.7744 0.0863 0.3483 0.0932 0.9641 0.7287 0.7417 0.8091 0.2187 0.6986 0.2108 0.2791 0.2443 0.7255 0.2683 0.0770 0.8764 0.5160 0.5109 0.8733 0.8928 0.3512 0.7742 0.1546 0.6196 0.5983 0.6598 0.3303 0.2665 0.6915 0.9318 0.0507 0.1761 0.9438
50 50
0.0049
0.9999 0.9999 0.9999 0.9999 0.9999 0.9999 0.9999 0.9999 0.9999 0.9999 0.9999 0.9999 0.9999 0.9999 0.9999 0.9999 0.9999 0.9999 0.9999 0.9999 0.9999 0.9999 0.9999 0.9999 0.9999 0.9999 0.9999 0.9999 0.9999 0.9999 0.9999 0.9999 0.9999 0.9999 0.9999 0.9999 0.9999 0.9999 0.9999 0.9999 0.9999 0.9999 0.9999 0.9999 0.9999 0.9999 0.9999 0.9999 0.9999 0.9999
1 1
0.5000
0.5000
47 47
14.7398
0.7613 0.3627 0.4718 0.9493 0.6089 0.4336 0.6993 0.1956 0.6852 0.1475 0.8286 0.9271 0.9199 0.0592 0.9730 0.8414 0.4484 0.6225 0.1641 0.5768 0.1038 0.5836 0.9407 0.5641 0.8102 0.1292 0.9081 0.3653 0.5077 0.6449 0.0531 0.6661 0.5811 0.8405 0.9529 0.7144 0.1705 0.8624 0.0064 0.3696 0.3313 0.1631 0.9841 0.4416 0.3093 0.9999 0.4629
49 49
25.9393
0.0373 0.8043 0.3510 0.9187 0.2712 0.0959 0.4887 0.2882 0.5722 0.2806 0.0463 0.4126 0.3331 0.2716 0.8841 0.6206 0.9683 0.9145 0.4860 0.8652 0.9267 0.7159 0.7440 0.4988 0.4408 0.3588 0.1871 0.8213 0.6673 0.0878 0.1340 0.1218 0.3529 0.8107 0.6601 0.1910 0.5497 0.0884 0.8985 0.1266 0.1134 0.5381 0.6833 0.2271 0.9527 0.1684 0.4763 0.0815 0.5084
46 46
16.7433
0.0492 0.1826 0.4605 0.0041 0.1011 0.6710 0.3078 0.2336 0.5637 0.7170 0.8955 0.9390 0.2504 0.9630 0.2001 0.5481 0.9127 0.2013 0.0697 0.2360 0.6761 0.8044 0.4119 0.6915 0.1329 0.4944 0.7785 0.9903 0.5801 0.7415 0.2777 0.8998 0.5731 0.3943 0.0599 0.8447 0.7564 0.4728 0.0124 0.4614 0.1087 0.2226 0.9675 0.4736 0.4421 0.4576
50 50
0.0050
0.9999 0.9999 0.9999 0.9999 0.9999 0.9999 0.9999 0.9999 0.9999 0.9999 0.9999 0.9999 0.9999 0.9999 0.9999 0.9999 0.9999 0.9999 0.9999 0.9999 0.9999 0.9999 0.9999 0.9999 0.9999 0.9999 0.9999 0.9999 0.9999 0.9999 0.9999 0.9999 0.9999 0.9999 0.9999 0.9999 0.9999 0.9999 0.9999 0.9999 0.9999 0.9999 0.9999 0.9999 0.9999 0.9999 0.9999 0.9999 0.9999 0.9999
48 48
15.8322
0.5952 0.6677 0.8402 0.2226 0.2037 0.8913 0.9178 0.7393 0.8870 0.4943 0.2809 0.4673 0.2057 0.7922 0.4256 0.6458 0.6513 0.1401 0.6290 0.9733 0.9068 0.6216 0.3639 0.5273 0.4763 0.6459 0.5665 0.2316 0.9325 0.2630 0.8617 0.0216 0.5922 0.4023 0.9545 0.4142 0.2741 0.4579 0.5068 0.2639 0.1940 0.1429 0.9831 0.1959 0.7720 0.8250 0.9152 0.1560
47 47
2.2784
0.3084 0.6852 0.8156 0.1259 0.6562 0.7939 0.7511 0.9460 0.6483 0.7586 0.5550 0.4354 0.1005 0.6641 0.1370 0.1277 0.0708 0.3553 0.4923 0.1028 0.1305 0.1664 0.3204 0.9917 0.9056 0.1637 0.1539 0.1427 0.9963 0.8489 0.8419 0.2816 0.6506 0.7958 0.8278 0.8193 0.5519 0.4495 0.9042 0.9770 0.6587 0.0239 0.1902 0.3364 0.3635 0.2346 0.8840
46 46
18.9668
0.2260 0.4043 0.4770 0.2703 0.7251 0.9141 0.2510 0.2785 0.6202 0.3049 0.1380 0.9971 0.2166 0.9746 0.8220 0.4747 0.8888 0.2063 0.0080 0.0300 0.3419 0.4827 0.1690 0.8610 0.0348 0.7267 0.2154 0.7354 0.0634 0.8936 0.3960 0.7797 0.3528 0.7573 0.4919 0.8256 0.2782 0.0706 0.2402 0.4082 0.4370 0.0715 0.7866 0.0781 0.7549 0.3286
1 1
1.0000
0.0000
47 47
21.5094
0.7656 0.2363 0.0014 0.9819 0.3668 0.6243 0.1102 0.7424 0.5198 0.3808 0.4405 0.7732 0.9106 0.4039 0.6195 0.3971 0.6489 0.3403 0.9674 0.8887 0.0349 0.4925 0.6001 0.2780 0.3516 0.8249 0.6674 0.3398 0.2883 0.5036 0.3836 0.1475 0.6425 0.5474 0.3505 0.5755 0.8401 0.9837 0.6874 0.5673 0.5652 0.7064 0.6139 0.0385 0.6673 0.5868 0.6961
49 49
18.9018
0.9969 0.5639 0.6962 0.3836 0.2107 0.3977 0.5749 0.2772 0.5649 0.5606 0.0773 0.1763 0.9556 0.3637 0.8431 0.0772 0.0874 0.0619 0.3085 0.2229 0.2199 0.1178 0.1142 0.3669 0.7586 0.0045 0.1642 0.0632 0.4990 0.3279 0.9739 0.4013 0.6783 0.9882 0.5298 0.9696 0.8134 0.3314 0.1404 0.0901 0.3358 0.4944 0.7495 0.7871 0.5694 0.2125 0.6261 0.2680 0.9660
48 48
18.6088
0.9164 0.8006 0.2350 0.6974 0.1109 0.2969 0.9737 0.8051 0.8186 0.3609 0.3111 0.1687 0.7009 0.4751 0.8255 0.1684 0.6934 0.9579 0.4012 0.0553 0.2364 0.1559 0.7981 0.2392 0.4362 0.1441 0.1811 0.7395 0.1719 0.5558 0.4267 0.3746 0.6276 0.6674 0.9112 0.0919 0.8174 0.4928 0.5362 0.6937 0.9737 0.1796 0.5420 0.1337 0.5986 0.3617 0.5560 0.3461
47 47
18.6660
0.7872 0.6676 0.4633 0.0849 0.8930 0.5148 0.3070 0.6424 0.1552 0.4430 0.4328 0.0713 0.6829 0.5869 0.8765 0.7511 0.2408 0.8927 0.0478 0.7927 0.8287 0.0555 0.5771 0.6919 0.3601 0.4433 0.4462 0.8159 0.6201 0.7500 0.0552 0.8997 0.4938 0.4966 0.6085 0.7877 0.7734 0.2327 0.3485 0.1291 0.5968 0.7441 0.8573 0.0364 0.3581 0.9770 0.7354
50 50
50.0000
0.0000 0.0000 0.0000 0.0000 0.0000 0.0000 0.0000 0.0000 0.0000 0.0000 0.0000 0.0000 0.0000 0.0000 0.0000 0.0000 0.0000 0.0000 0.0000 0.0000 0.0000 0.0000 0.0000 0.0000 0.0000 0.0000 0.0000 0.0000 0.0000 0.0000 0.0000 0.0000 0.0000 0.0000 0.0000 0.0000 0.0000 0.0000 0.0000 0.0000 0.0000 0.0000 0.0000 0.0000 0.0000 0.0000 0.0000 0.0000 0.0000 0.0000
48 48
15.8326
0.2351 0.4814 0.4775 0.0921 0.5735 0.4283 0.2163 0.4976 0.6693 0.8890 0.4792 0.9565 0.3773 0.0500 0.4003 0.8387 0.4574 0.4362 0.9935 0.8052 0.4741 0.5859 0.9029 0.0379 0.3912 0.2253 0.5344 0.9999 0.1610 0.6697 0.6583 0.9617 0.4085 0.0540 0.4849 0.7998 0.5466 0.3235 0.9956 0.6184 0.0580 0.4713 0.2529 0.8017 0.3588 0.9044 0.7089 0.6659
46 46
16.2511
0.5956 0.8191 0.3607 0.7877 0.6701 0.4163 0.9679 0.3789 0.6203 0.3683 0.7847 0.5445 0.4647 0.4746 0.9138 0.5113 0.2900 0.4973 0.0328 0.8463 0.2080 0.1876 0.5790 0.8080 0.1415 0.2824 0.8876 0.3216 0.3569 0.5026 0.6894 0.1335 0.1820 0.2459 0.6144 0.2119 0.5649 0.7899 0.0557 0.2177 0.1530 0.8503 0.1604 0.8316 0.8237 0.1044
50 50
0.0000
1.0000 1.0000 1.0000 1.0000 1.0000 1.0000 1.0000 1.0000 1.0000 1.0000 1.0000 1.0000 1.0000 1.0000 1.0000 1.0000 1.0000 1.0000 1.0000 1.0000 1.0000 1.0000 1.0000 1.0000 1.0000 1.0000 1.0000 1.0000 1.0000 1.0000 1.0000 1.0000 1.0000 1.0000 1.0000 1.0000 1.0000 1.0000 1.0000 1.0000 1.0000 1.0000 1.0000 1.0000 1.0000 1.0000 1.0000 1.0000 1.0000 1.0000
50 50
0.0000
0.8765 0.8765 0.8765 0.8765 0.8765 0.8765 0.8765 0.8765 0.8765 0.8765 0.8765 0.8765 0.8765 0.8765 0.8765 0.8765 0.8765 0.8765 0.8765 0.8765 0.8765 0.8765 0.8765 0.8765 0.8765 0.8765 0.8765 0.8765 0.8765 0.8765 0.8765 0.8765 0.8765 0.8765 0.8765 0.8765 0.8765 0.8765 0.8765 0.8765 0.8765 0.8765 0.8765 0.8765 0.8765 0.8765 0.8765 0.8765 0.8765 0.8765
47 47
18.4895
0.8403 0.7245 0.4384 0.5773 0.7423 0.3424 0.5713 0.5965 0.7866 0.5533 0.6069 0.5983 0.8683 0.5023 0.2113 0.2654 0.0096 0.6860 0.0688 0.0239 0.7112 0.6090 0.0938 0.2637 0.6771 0.0951 0.3245 0.6542 0.7202 0.4127 0.9011 0.9823 0.3380 0.1278 0.0541 0.1792 0.7551 0.7045 0.4729 0.7021 0.4646 0.4109 0.9272 0.8688 0.6654 0.8397 0.2567
50 50
0.0000
0.3333 0.3333 0.3333 0.3333 0.3333 0.3333 0.3333 0.3333 0.3333 0.3333 0.3333 0.3333 0.3333 0.3333 0.3333 0.3333 0.3333 0.3333 0.3333 0.3333 0.3333 0.3333 0.3333 0.3333 0.3333 0.3333 0.3333 0.3333 0.3333 0.3333 0.3333 0.3333 0.3333 0.3333 0.3333 0.3333 0.3333 0.3333 0.3333 0.3333 0.3333 0.3333 0.3333 0.3333 0.3333 0.3333 0.3333 0.3333 0.3333 0.3333
46 46
20.0329
0.1287 0.2954 0.7246 0.6982 0.5078 0.4161 0.8132 0.6507 0.2414 0.1565 0.2506 0.4713 0.7655 0.4602 0.6558 0.1337 0.0665 0.2079 0.5212 0.4642 0.9273 0.6324 0.4021 0.8299 0.3349 0.1727 0.3030 0.7188 0.9602 0.0657 0.2152 0.8169 0.6846 0.2969 0.6775 0.1296 0.6415 0.0670 0.9846 0.4747 0.8457 0.4882 0.0199 0.4126 0.4403 0.8578
49 49
19.9965
0.5659 0.9912 0.7466 0.0957 0.5841 0.2440 0.3102 0.7481 0.3047 0.5881 0.5309 0.7523 0.0987 0.2711 0.2361 0.7542 0.5123 0.8322 0.8123 0.8374 0.1501 0.2055 0.5813 0.4067 0.5386 0.5649 0.3734 0.3364 0.6139 0.5908 0.9245 0.3911 0.2684 0.2836 0.3931 0.8921 0.2747 0.2270 0.7827 0.9756 0.4001 0.8169 0.4376 0.9249 0.5889 0.9939 0.4710 0.0674 0.7044
47 47
16.8860
0.8318 0.5588 0.0075 0.6198 0.4552 0.8290 0.1653 0.8147 0.3595 0.8016 0.0639 0.0960 0.7064 0.4566 0.8747 0.2460 0.6219 0.5537 0.1478 0.7066 0.9928 0.6028 0.1138 0.6287 0.8596 0.7266 0.4872 0.6330 0.5393 0.5437 0.7808 0.6475 0.0860 0.2027 0.1735 0.3271 0.2788 0.3408 0.3519 0.2065 0.2902 0.9222 0.7673 0.4226 0.2942 0.1086 0.6970
45 45
15.6191
0.9460 0.4134 0.6164 0.8877 0.3719 0.7049 0.1990 0.6391 0.7092 0.0163 0.4179 0.5562 0.9138 0.9640 0.3007 0.1469 0.8988 0.3991 0.5770 0.0961 0.2709 0.6312 0.2350 0.0901 0.2381 0.5802 0.3919 0.3652 0.3210 0.4009 0.8140 0.5596 0.1505 0.3775 0.5588 0.7899 0.7643 0.2760 0.3233 0.0773 0.6868 0.5314 0.3689 0.4711 0.8665
2 2
0.5000
0.5000 0.5000
48 48
19.5832
0.6860 0.0175 0.9861 0.1974 0.4407 0.7413 0.1793 0.7855 0.9484 0.1207 0.8329 0.8058 0.4387 0.4854 0.4918 0.6354 0.0922 0.6296 0.4304 0.2436 0.6553 0.8273 0.2433 0.4293 0.0788 0.2608 0.5489 0.6860 0.5137 0.9536 0.6344 0.8509 0.0672 0.8804 0.2801 0.0610 0.0525 0.8369 0.5082 0.5221 0.0730 0.3722 0.0622 0.8800 0.4653 0.4433 0.8093 0.6463
46 46
15.2634
0.3640 0.5991 0.6308 0.7422 0.5178 0.7843 0.3023 0.2184 0.7702 0.1077 0.4906 0.8539 0.5351 0.2851 0.7677 0.6279 0.3035 0.2796 0.9305 0.9607 0.5365 0.3026 0.3406 0.6353 0.3381 0.6920 0.4848 0.9759 0.1672 0.4899 0.3929 0.0465 0.8088 0.6389 0.7846 0.8530 0.6023 0.4671 0.8059 0.1970 0.0561 0.7936 0.7956 0.7665 0.4913 0.2605
45 45
17.6829
0.1261 0.1239 0.2958 0.9216 0.4838 0.7057 0.0710 0.3432 0.4751 0.5224 0.4359 0.0818 0.1477 0.0601 0.3838 0.7752 0.0835 0.8377 0.5006 0.3838 0.6464 0.5007 0.2198 0.7209 0.3049 0.3043 0.5194 0.1484 0.3954 0.1653 0.3483 0.6575 0.9691 0.8355 0.4910 0.5774 0.1113 0.5403 0.1280 0.5915 0.7918 0.8478 0.7055 0.3885 0.7360
50 50
24.3932
0.5612 0.4574 0.5592 0.9198 0.8059 0.5820 0.1339 0.8090 0.4328 0.9773 0.4380 0.8109 0.1944 0.7568 0.0377 0.2591 0.1288 0.2439 0.7097 0.5567 0.4124 0.5327 0.6633 0.9709 0.0552 0.3521 0.4234 0.8230 0.2664 0.6338 0.3205 0.7672 0.5463 0.3946 0.2872 0.3623 0.6523 0.7992 0.3263 0.3460 0.6117 0.0197 0.6143 0.2059 0.8253 0.0753 0.4642 0.9399 0.0151 0.0655
45 45
19.0656
0.7938 0.3532 0.6893 0.8227 0.4195 0.7600 0.8473 0.3414 0.4929 0.6682 0.5377 0.4959 0.4510 0.6643 0.2707 0.5881 0.7944 0.7532 0.8356 0.3453 0.6337 0.4526 0.1143 0.1459 0.6213 0.4823 0.5654 0.3127 0.9651 0.0033 0.3178 0.2024 0.7113 0.4875 0.9595 0.5976 0.0944 0.5292 0.2805 0.0712 0.9377 0.6269 0.1619 0.4525 0.3345
50 50
0.0000
0.9999 0.9999 0.9999 0.9999 0.9999 0.9999 0.9999 0.9999 0.9999 0.9999 0.9999 0.9999 0.9999 0.9999 0.9999 0.9999 0.9999 0.9999 0.9999 0.9999 0.9999 0.9999 0.9999 0.9999 0.9999 0.9999 0.9999 0.9999 0.9999 0.9999 0.9999 0.9999 0.9999 0.9999 0.9999 0.9999 0.9999 0.9999 0.9999 0.9999 0.9999 0.9999 0.9999 0.9999 0.9999 0.9999 0.9999 0.9999 0.9999 0.9999
50 50
20.6653
0.6488 0.1465 0.1730 0.2020 0.6154 0.6960 0.7572 0.0707 0.4488 0.6989 0.0756 0.1886 0.8077 0.1481 0.7634 0.3307 0.9295 0.7066 0.5753 0.0116 0.4481 0.1572 0.2612 0.3034 0.1931 0.6789 0.0691 0.9064 0.7763 0.8776 0.4967 0.7102 0.1471 0.1031 0.5415 0.9896 0.0822 0.0479 0.4390 0.7220 0.0312 0.6751 0.5821 0.1242 0.9336 0.6310 0.2995 0.1878 0.6456 0.5074
47 47
19.5729
0.6473 0.3277 0.3538 0.6073 0.6204 0.8523 0.5904 0.7571 0.6748 0.1024 0.1255 0.8284 0.0738 0.2117 0.9232 0.7763 0.5840 0.1858 0.1028 0.2688 0.1160 0.5212 0.1726 0.7144 0.2813 0.4930 0.0421 0.4139 0.0313 0.4987 0.5135 0.4030 0.3842 0.2027 0.4593 0.9599 0.3478 0.3492 0.1052 0.1633 0.3921 0.3788 0.0562 0.1367 0.1445 0.7710 0.8555
50 50
0.0000
0.8700 0.8700 0.8700 0.8700 0.8700 0.8700 0.8700 0.8700 0.8700 0.8700 0.8700 0.8700 0.8700 0.8700 0.8700 0.8700 0.8700 0.8700 0.8700 0.8700 0.8700 0.8700 0.8700 0.8700 0.8700 0.8700 0.8700 0.8700 0.8700 0.8700 0.8700 0.8700 0.8700 0.8700 0.8700 0.8700 0.8700 0.8700 0.8700 0.8700 0.8700 0.8700 0.8700 0.8700 0.8700 0.8700 0.8700 0.8700 0.8700 0.8700
48 48
16.0943
0.6326 0.7386 0.9013 0.8780 0.6532 0.6270 0.0138 0.7620 0.4701 0.9608 0.8745 0.8514 0.6644 0.2926 0.0346 0.1460 0.1982 0.1694 0.2266 0.4187 0.8271 0.5741 0.6477 0.9619 0.9073 0.5494 0.5004 0.8815 0.1347 0.9183 0.0789 0.1943 0.1800 0.1430 0.9467 0.9767 0.9172 0.9721 0.9246 0.2395 0.9055 0.4839 0.7625 0.3089 0.1524 0.2546 0.6165 0.6124
