100
4 4
1.4000
0.5000 0.7000 0.8000 0.6000
2 2
1.0000
0.0000 0.0000
2 2
0.0000
0.9000 0.8000
2 2
0.1000
0.4000 0.5000
45 45
14.7107
0.7216 0.6739 0.1398 0.3761 0.0064 0.7730 0.0226 0.0250 0.6559 0.7248 0.4821 0.2487 0.5715 0.1010 0.4578 0.9598 0.4125 0.8381 0.6953 0.1326 0.9267 0.5303 0.9335 0.1729 0.6417 0.8735 0.0724 0.7444 0.2030 0.4131 0.8303 0.5850 0.2771 0.7203 0.2671 0.6996 0.5273 0.8499 0.5287 0.7990 0.9399 0.5654 0.7328 0.3377 0.2900
49 49
22.8048
0.3032 0.6583 0.2607 0.9409 0.9790 0.5627 0.4773 0.7029 0.2655 0.0912 0.6014 0.9560 0.4141 0.1492 0.9918 0.2493 0.0847 0.5154 0.9697 0.3245 0.0064 0.9475 0.0027 0.4459 0.7093 0.2711 0.7758 0.4986 0.6555 0.9026 0.1534 0.2381 0.9290 0.5349 0.7173 0.2122 0.4804 0.0404 0.8188 0.7917 0.1451 0.2643 0.4946 0.4339 0.3502 0.1555 0.0539 0.3795 0.6759
47 47
0.5837
0.7012 0.1457 0.5373 0.6131 0.7167 0.2976 0.4096 0.2756 0.6048 0.1291 0.8463 0.6248 0.2916 0.8207 0.3793 0.8738 0.5956 0.2637 0.4186 0.7741 0.8003 0.3950 0.1213 0.0082 0.6696 0.3602 0.5026 0.7970 0.9918 0.8867 0.3154 0.9137 0.9160 0.4740 0.6586 0.7619 0.7999 0.5064 0.0343 0.0304 0.5646 0.5603 0.8283 0.8177 0.7335 0.4499 0.3682
2 2
0.3333
0.0000 0.0000
47 47
17.2911
0.9946 0.9182 0.9121 0.5716 0.8348 0.0448 0.7146 0.2110 0.8451 0.7805 0.3964 0.8743 0.4458 0.2382 0.5023 0.9594 0.6129 0.7728 0.6328 0.8509 0.5472 0.0889 0.9756 0.0415 0.4384 0.0948 0.1562 0.0746 0.2123 0.9519 0.9202 0.7673 0.3600 0.3072 0.9436 0.0681 0.1295 0.1545 0.8610 0.6327 0.1176 0.1410 0.3168 0.0857 0.3276 0.8394 0.6284
46 46
18.8344
0.2373 0.9144 0.3011 0.1311 0.5736 0.9720 0.3470 0.3362 0.6219 0.1433 0.0232 0.1372 0.1343 0.4155 0.8861 0.9613 0.8248 0.7795 0.2780 0.7601 0.5035 0.9120 0.1722 0.0671 0.0694 0.6465 0.5438 0.2799 0.5289 0.2571 0.9986 0.2878 0.5014 0.0528 0.6177 0.9108 0.3809 0.0401 0.8551 0.4764 0.9155 0.9599 0.5685 0.8922 0.4634 0.1804
2 2
0.3333
0.5000 0.5000
45 45
17.5856
0.0969 0.8732 0.0101 0.1203 0.8206 0.9774 0.3834 0.6717 0.3428 0.0290 0.9449 0.1340 0.5417 0.8621 0.2099 0.1858 0.8283 0.3011 0.0407 0.8640 0.0504 0.4453 0.0347 0.3876 0.8337 0.9688 0.7483 0.2804 0.3706 0.1209 0.8519 0.0065 0.3769 0.4007 0.8898 0.8963 0.3219 0.0684 0.5208 0.8087 0.6682 0.9540 0.5582 0.5899 0.4283
4 4
1.3999
0.8000 0.5000 0.6000 0.7000
50 50
33.3350
0.3333 0.3333 0.3333 0.3333 0.3333 0.3333 0.3333 0.3333 0.3333 0.3333 0.3333 0.3333 0.3333 0.3333 0.3333 0.3333 0.3333 0.3333 0.3333 0.3333 0.3333 0.3333 0.3333 0.3333 0.3333 0.3333 0.3333 0.3333 0.3333 0.3333 0.3333 0.3333 0.3333 0.3333 0.3333 0.3333 0.3333 0.3333 0.3333 0.3333 0.3333 0.3333 0.3333 0.3333 0.3333 0.3333 0.3333 0.3333 0.3333 0.3333
45 45
19.8683
0.8383 0.2240 0.4574 0.3838 0.1066 0.7584 0.8614 0.1756 0.3739 0.6619 0.5242 0.4043 0.2952 0.6211 0.0052 0.5684 0.2307 0.4527 0.1641 0.2121 0.6043 0.2848 0.8310 0.2701 0.5143 0.5600 0.6713 0.4170 0.9899 0.6023 0.8561 0.5074 0.9424 0.9697 0.1461 0.4516 0.3754 0.1090 0.4071 0.7034 0.7909 0.4353 0.1263 0.7068 0.0437
48 48
20.4697
0.6321 0.9071 0.2937 0.1587 0.5142 0.2028 0.0717 0.9518 0.5751 0.0546 0.4703 0.5073 0.7214 0.1687 0.3318 0.1051 0.9198 0.3870 0.0403 0.6210 0.7132 0.2513 0.0768 0.8444 0.1782 0.4638 0.8538 0.3335 0.0022 0.7104 0.1934 0.6960 0.0052 0.0226 0.7672 0.8147 0.1317 0.2739 0.0431 0.5404 0.0050 0.7994 0.7052 0.7739 0.3042 0.8314 0.8144 0.3276
47 47
16.4938
0.5245 0.6885 0.0827 0.3072 0.5681 0.1133 0.3088 0.9846 0.6533 0.9590 0.7627 0.9258 0.1704 0.8938 0.6546 0.3233 0.6243 0.8984 0.8121 0.2501 0.1341 0.5798 0.0502 0.8057 0.1284 0.9667 0.0208 0.4819 0.6432 0.6089 0.1245 0.1646 0.1934 0.9367 0.5193 0.4391 0.9840 0.9638 0.9332 0.9190 0.2040 0.1578 0.1293 0.5872 0.6661 0.7745 0.8173
50 50
1.0000
0.3333 0.3333 0.3333 0.3333 0.3333 0.3333 0.3333 0.3333 0.3333 0.3333 0.3333 0.3333 0.3333 0.3333 0.3333 0.3333 0.3333 0.3333 0.3333 0.3333 0.3333 0.3333 0.3333 0.3333 0.3333 0.3333 0.3333 0.3333 0.3333 0.3333 0.3333 0.3333 0.3333 0.3333 0.3333 0.3333 0.3333 0.3333 0.3333 0.3333 0.3333 0.3333 0.3333 0.3333 0.3333 0.3333 0.3333 0.3333 0.3333 0.3333
46 46
15.7901
0.4200 0.9186 0.5655 0.4875 0.0015 0.2469 0.5388 0.7719 0.7296 0.8162 0.6883 0.3985 0.9389 0.6930 0.6487 0.6410 0.1232 0.0968 0.6727 0.2459 0.9947 0.6950 0.2808 0.8030 0.7561 0.7089 0.9435 0.6659 0.5457 0.4340 0.3391 0.7994 0.4877 0.9155 0.3180 0.8044 0.6969 0.6694 0.2624 0.0987 0.8089 0.7527 0.1434 0.5403 0.8184 0.5877
50 50
17.3168
0.7624 0.8619 0.6705 0.8910 0.7582 0.9569 0.5572 0.3696 0.3724 0.1703 0.7330 0.6114 0.1321 0.6927 0.3111 0.7496 0.6458 0.3099 0.7303 0.5930 0.1507 0.1905 0.0514 0.5928 0.8268 0.9286 0.4135 0.0434 0.5384 0.9267 0.5933 0.2294 0.5683 0.1203 0.6693 0.1371 0.3423 0.1400 0.7415 0.6975 0.8396 0.3528 0.9529 0.7597 0.1257 0.6523 0.3259 0.5818 0.2822 0.6299
1 1
0.0000
1.0000
46 46
17.8012
0.6676 0.9230 0.8330 0.0024 0.6609 0.5183 0.9156 0.1595 0.7107 0.3268 0.6975 0.2402 0.4135 0.1745 0.4716 0.8070 0.5083 0.5896 0.5688 0.8832 0.5969 0.9383 0.0778 0.9928 0.5263 0.6204 0.8053 0.2225 0.0656 0.9952 0.2363 0.2535 0.6724 0.1412 0.5454 0.0592 0.7049 0.1307 0.7828 0.8880 0.2840 0.8257 0.4726 0.6224 0.2330 0.4201
50 50
0.0000
1.0000 1.0000 1.0000 1.0000 1.0000 1.0000 1.0000 1.0000 1.0000 1.0000 1.0000 1.0000 1.0000 1.0000 1.0000 1.0000 1.0000 1.0000 1.0000 1.0000 1.0000 1.0000 1.0000 1.0000 1.0000 1.0000 1.0000 1.0000 1.0000 1.0000 1.0000 1.0000 1.0000 1.0000 1.0000 1.0000 1.0000 1.0000 1.0000 1.0000 1.0000 1.0000 1.0000 1.0000 1.0000 1.0000 1.0000 1.0000 1.0000 1.0000
50 50
50.0000
0.0000 0.0000 0.0000 0.0000 0.0000 0.0000 0.0000 0.0000 0.0000 0.0000 0.0000 0.0000 0.0000 0.0000 0.0000 0.0000 0.0000 0.0000 0.0000 0.0000 0.0000 0.0000 0.0000 0.0000 0.0000 0.0000 0.0000 0.0000 0.0000 0.0000 0.0000 0.0000 0.0000 0.0000 0.0000 0.0000 0.0000 0.0000 0.0000 0.0000 0.0000 0.0000 0.0000 0.0000 0.0000 0.0000 0.0000 0.0000 0.0000 0.0000
47 47
20.4472
0.8946 0.8580 0.9411 0.1490 0.8118 0.2125 0.7281 0.9621 0.5545 0.4603 0.2340 0.2958 0.0644 0.1258 0.1716 0.8775 0.6406 0.2136 0.2845 0.7425 0.4511 0.8774 0.4029 0.2098 0.2916 0.7083 0.0415 0.1857 0.4223 0.8992 0.2433 0.4352 0.6521 0.9563 0.0232 0.1465 0.5735 0.7991 0.4535 0.6150 0.4457 0.2051 0.4856 0.4940 0.7558 0.9632 0.9518
50 50
0.0000
0.8765 0.8765 0.8765 0.8765 0.8765 0.8765 0.8765 0.8765 0.8765 0.8765 0.8765 0.8765 0.8765 0.8765 0.8765 0.8765 0.8765 0.8765 0.8765 0.8765 0.8765 0.8765 0.8765 0.8765 0.8765 0.8765 0.8765 0.8765 0.8765 0.8765 0.8765 0.8765 0.8765 0.8765 0.8765 0.8765 0.8765 0.8765 0.8765 0.8765 0.8765 0.8765 0.8765 0.8765 0.8765 0.8765 0.8765 0.8765 0.8765 0.8765
45 45
15.6695
0.0960 0.9567 0.9639 0.4422 0.1297 0.7032 0.0975 0.5201 0.6592 0.2780 0.3376 0.5690 0.6571 0.0737 0.7554 0.0775 0.6118 0.2693 0.0144 0.6978 0.8736 0.8329 0.6496 0.8888 0.6291 0.0215 0.4498 0.2119 0.5947 0.7247 0.2343 0.4789 0.7149 0.0395 0.6021 0.8625 0.4345 0.4727 0.8524 0.3383 0.7831 0.4544 0.9664 0.5716 0.7404
46 46
16.4118
0.4133 0.7989 0.2526 0.2621 0.8905 0.7518 0.2989 0.7359 0.4046 0.4929 0.7402 0.4960 0.5108 0.6985 0.6244 0.0899 0.4501 0.2396 0.9015 0.3996 0.6005 0.3491 0.1210 0.5259 0.9722 0.4068 0.3826 0.8646 0.3848 0.6677 0.6071 0.2705 0.3659 0.1636 0.0021 0.4875 0.4477 0.1772 0.9914 0.4940 0.5540 0.2393 0.7154 0.2671 0.2251 0.6003
49 49
18.4904
0.8613 0.2084 0.4855 0.4773 0.7656 0.9084 0.4345 0.9324 0.7477 0.5607 0.8919 0.7997 0.5997 0.9561 0.7963 0.4731 0.0806 0.2837 0.1446 0.7718 0.7673 0.6394 0.4796 0.3466 0.6496 0.4532 0.3386 0.1925 0.3816 0.8809 0.7189 0.5025 0.9320 0.1285 0.2455 0.8756 0.6638 0.3515 0.1792 0.1753 0.3824 0.2663 0.4325 0.5669 0.9697 0.1030 0.2878 0.8381 0.6881
45 45
20.7835
0.1801 0.7230 0.5754 0.3322 0.7254 0.7058 0.0513 0.3687 0.7240 0.1505 0.5246 0.0856 0.4914 0.4374 0.3858 0.0538 0.6705 0.9776 0.1252 0.9128 0.5229 0.0384 0.3031 0.8367 0.8693 0.8519 0.7987 0.6978 0.4732 0.0361 0.7432 0.3406 0.8773 0.3796 0.3928 0.8933 0.6404 0.1751 0.6716 0.7307 0.7913 0.7015 0.1980 0.0946 0.7819
48 48
16.9620
0.2127 0.1430 0.9355 0.6913 0.3946 0.8578 0.7279 0.8776 0.0146 0.9460 0.9816 0.0314 0.6485 0.1576 0.1205 0.6965 0.3079 0.7616 0.7275 0.9318 0.0728 0.2867 0.4514 0.4072 0.8612 0.5853 0.6827 0.7559 0.1308 0.2874 0.6297 0.3262 0.2248 0.2589 0.8637 0.1888 0.2113 0.8784 0.5464 0.0082 0.0044 0.5475 0.3498 0.5791 0.3175 0.4610 0.2711 0.2448
47 47
14.0801
0.4863 0.4796 0.5016 0.9058 0.7122 0.4018 0.4983 0.0327 0.8147 0.7783 0.6994 0.8618 0.9582 0.6340 0.9846 0.2669 0.3123 0.3910 0.4398 0.5251 0.6206 0.5537 0.7567 0.4972 0.1893 0.5461 0.6795 0.1930 0.5195 0.4478 0.9002 0.7234 0.3989 0.1067 0.2530 0.8706 0.0070 0.5688 0.7070 0.9228 0.8515 0.4913 0.0717 0.0972 0.9609 0.7066 0.8139
50 50
16.6827
0.3842 0.4728 0.8187 0.4726 0.7676 0.9957 0.3537 0.4188 0.9423 0.4109 0.2215 0.8809 0.9617 0.4856 0.6277 0.3349 0.9707 0.5417 0.3954 0.7992 0.6434 0.8332 0.8024 0.5121 0.2936 0.9541 0.4572 0.2481 0.4126 0.1960 0.0656 0.3902 0.7555 0.2751 0.5368 0.3661 0.8723 0.9107 0.1299 0.0970 0.2170 0.6964 0.0871 0.6246 0.7010 0.7371 0.4804 0.3209 0.2979 0.6533
46 46
16.3813
0.7077 0.5363 0.9134 0.3688 0.5748 0.0046 0.0159 0.4888 0.7892 0.2929 0.1906 0.0626 0.0466 0.8125 0.7275 0.9835 0.7335 0.8948 0.0249 0.3461 0.1589 0.6344 0.2360 0.5861 0.5620 0.5826 0.0963 0.3935 0.7310 0.8544 0.4842 0.3198 0.5105 0.2867 0.0147 0.9011 0.9119 0.2498 0.1972 0.2839 0.9040 0.8301 0.4766 0.7970 0.8121 0.2665
46 46
20.3014
0.3171 0.5149 0.3718 0.5824 0.0956 0.6168 0.2287 0.0045 0.4199 0.2561 0.6550 0.8349 0.9869 0.2064 0.4724 0.8497 0.0592 0.8252 0.3263 0.7004 0.0426 0.2956 0.4758 0.0781 0.3289 0.6524 0.7007 0.7379 0.2659 0.5199 0.8363 0.2436 0.4768 0.1173 0.1495 0.0649 0.2332 0.9389 0.2931 0.9489 0.2194 0.3586 0.4984 0.7658 0.4552 0.7885
45 45
15.8337
0.2861 0.6159 0.9247 0.4989 0.0982 0.6922 0.5068 0.9150 0.1421 0.6896 0.7954 0.1939 0.8220 0.9918 0.5852 0.9500 0.1881 0.6570 0.3534 0.1580 0.6991 0.8358 0.4293 0.7511 0.1943 0.5123 0.9142 0.2440 0.3769 0.4371 0.2798 0.5280 0.9972 0.3064 0.1026 0.3990 0.7020 0.6967 0.7867 0.0401 0.8546 0.7721 0.8625 0.4558 0.1893
46 46
16.1281
0.1570 0.2046 0.0255 0.2748 0.4157 0.6325 0.1267 0.8366 0.7757 0.4856 0.0018 0.1874 0.9845 0.2632 0.1201 0.8454 0.0078 0.9624 0.3753 0.6681 0.7739 0.4221 0.9934 0.2682 0.4387 0.9595 0.1032 0.5105 0.7777 0.2614 0.4712 0.8587 0.4067 0.6959 0.5713 0.5447 0.1188 0.7533 0.5199 0.5413 0.7683 0.3431 0.6519 0.6476 0.3064 0.8531
49 49
18.3634
0.9977 0.6607 0.1490 0.5267 0.3292 0.8354 0.0394 0.0729 0.4490 0.4457 0.5048 0.6430 0.0488 0.2117 0.7567 0.9754 0.8299 0.8345 0.0629 0.4299 0.0365 0.8929 0.4272 0.4672 0.1402 0.9653 0.1497 0.0291 0.5354 0.2606 0.1156 0.8770 0.1953 0.4841 0.9837 0.2723 0.6606 0.3888 0.7583 0.3168 0.5541 0.0370 0.2813 0.1970 0.8082 0.9062 0.0598 0.1653 0.2560
48 48
17.8572
0.8198 0.1424 0.3655 0.9385 0.6796 0.0861 0.9613 0.5569 0.5383 0.2640 0.4270 0.7246 0.4302 0.1166 0.0797 0.1751 0.8614 0.6376 0.4073 0.7547 0.4793 0.9397 0.9666 0.0955 0.3913 0.9105 0.1572 0.7289 0.3464 0.9465 0.4139 0.9495 0.4096 0.3590 0.9429 0.3579 0.5947 0.4043 0.2474 0.1352 0.9602 0.5200 0.5941 0.2699 0.6912 0.3406 0.7445 0.1112
49 49
20.2045
0.8369 0.9698 0.3794 0.4202 0.6660 0.7476 0.1612 0.1399 0.9880 0.5885 0.0512 0.4094 0.3592 0.9102 0.8574 0.0792 0.3067 0.1755 0.7016 0.0879 0.6983 0.7489 0.2546 0.2395 0.5096 0.5368 0.3713 0.0981 0.5425 0.3836 0.9850 0.6780 0.4808 0.6660 0.3495 0.6661 0.6814 0.1614 0.9894 0.4048 0.3926 0.8661 0.7289 0.4527 0.5903 0.8597 0.9206 0.1686 0.9656
50 50
0.0000
0.8700 0.8700 0.8700 0.8700 0.8700 0.8700 0.8700 0.8700 0.8700 0.8700 0.8700 0.8700 0.8700 0.8700 0.8700 0.8700 0.8700 0.8700 0.8700 0.8700 0.8700 0.8700 0.8700 0.8700 0.8700 0.8700 0.8700 0.8700 0.8700 0.8700 0.8700 0.8700 0.8700 0.8700 0.8700 0.8700 0.8700 0.8700 0.8700 0.8700 0.8700 0.8700 0.8700 0.8700 0.8700 0.8700 0.8700 0.8700 0.8700 0.8700
50 50
15.9138
0.1959 0.6396 0.5821 0.7191 0.4153 0.5970 0.9866 0.5815 0.3114 0.5877 0.8960 0.0577 0.2277 0.1174 0.5771 0.7558 0.0162 0.9910 0.3969 0.8001 0.5486 0.7900 0.6684 0.8481 0.3222 0.0689 0.2726 0.7954 0.7499 0.0559 0.1860 0.2434 0.9736 0.3386 0.1350 0.1339 0.8898 0.8631 0.4592 0.8625 0.7644 0.8233 0.5840 0.7294 0.4371 0.9552 0.0667 0.8270 0.7015 0.9537
46 46
17.5525
0.9267 0.6134 0.1602 0.6160 0.4120 0.0560 0.0933 0.9548 0.9434 0.0676 0.2583 0.6369 0.4718 0.4888 0.9603 0.5876 0.0191 0.3816 0.3614 0.0167 0.4967 0.1650 0.8312 0.6795 0.4529 0.8401 0.2927 0.2343 0.0879 0.4375 0.3672 0.9341 0.6766 0.5349 0.5916 0.3926 0.0928 0.5461 0.6488 0.5474 0.9798 0.6509 0.0028 0.3397 0.0097 0.8071
45 45
17.3379
0.9335 0.9479 0.2542 0.0305 0.3105 0.1291 0.1924 0.9411 0.1400 0.8737 0.8262 0.8527 0.1519 0.8378 0.9414 0.5982 0.1360 0.8851 0.8727 0.2121 0.4284 0.7761 0.2056 0.1067 0.6930 0.8303 0.4997 0.8412 0.7684 0.9783 0.7439 0.3283 0.0734 0.5085 0.0210 0.6901 0.5418 0.5269 0.3410 0.4419 0.6512 0.3944 0.9239 0.9972 0.8407
1 1
1.0000
0.0000
46 46
14.9507
0.8340 0.6654 0.8135 0.7859 0.6615 0.9973 0.7890 0.9655 0.1939 0.5271 0.1087 0.6397 0.7431 0.4509 0.2415 0.5802 0.0024 0.6181 0.4110 0.9628 0.6994 0.1333 0.0161 0.0672 0.0910 0.9984 0.6525 0.7873 0.6113 0.4485 0.4388 0.1793 0.7535 0.9984 0.0923 0.4638 0.3478 0.8194 0.0666 0.0311 0.3269 0.8933 0.9641 0.5158 0.3851 0.3908
50 50
1.0000
0.0000 0.0000 0.0000 0.0000 0.0000 0.0000 0.0000 0.0000 0.0000 0.0000 0.0000 0.0000 0.0000 0.0000 0.0000 0.0000 0.0000 0.0000 0.0000 0.0000 0.0000 0.0000 0.0000 0.0000 0.0000 0.0000 0.0000 0.0000 0.0000 0.0000 0.0000 0.0000 0.0000 0.0000 0.0000 0.0000 0.0000 0.0000 0.0000 0.0000 0.0000 0.0000 0.0000 0.0000 0.0000 0.0000 0.0000 0.0000 0.0000 0.0000
46 46
14.3264
0.0274 0.7359 0.9353 0.0138 0.7488 0.8066 0.6342 0.9425 0.1031 0.6431 0.9658 0.1019 0.9223 0.2572 0.9547 0.9273 0.6124 0.3227 0.2883 0.8569 0.3861 0.4978 0.0964 0.3074 0.4892 0.3045 0.2095 0.8638 0.9540 0.9111 0.5944 0.6093 0.2801 0.0125 0.9375 0.5464 0.4145 0.0089 0.2971 0.3357 0.9237 0.8204 0.6056 0.6777 0.6151 0.3843
47 47
2.2784
0.9460 0.8419 0.6641 0.9770 0.7958 0.9917 0.1259 0.7939 0.3204 0.4923 0.1664 0.5550 0.1539 0.6587 0.2816 0.1902 0.0239 0.1005 0.1277 0.2346 0.6506 0.3635 0.5519 0.8840 0.1427 0.6852 0.1637 0.6562 0.8193 0.4354 0.9056 0.6483 0.3364 0.9042 0.8489 0.4495 0.1028 0.7586 0.8278 0.8156 0.1305 0.1370 0.3553 0.7511 0.0708 0.9963 0.3084
49 49
21.7682
0.6086 0.5204 0.0743 0.8179 0.7968 0.9920 0.3385 0.4234 0.2094 0.5614 0.5552 0.0669 0.1200 0.0663 0.8892 0.1754 0.7555 0.3848 0.1024 0.3675 0.6656 0.6336 0.1406 0.1876 0.0373 0.6737 0.4346 0.1631 0.4414 0.4580 0.1140 0.0776 0.5380 0.0057 0.5350 0.0878 0.5121 0.0225 0.4250 0.4713 0.2654 0.4941 0.6209 0.1509 0.5895 0.3449 0.4985 0.9570 0.4344
1 1
0.3333
0.0000
50 50
0.6901
0.1224 0.0932 0.8265 0.3483 0.7742 0.2791 0.3512 0.8733 0.5983 0.9926 0.2665 0.0770 0.2683 0.1761 0.2443 0.6759 0.6196 0.1546 0.7205 0.5160 0.5154 0.0857 0.0539 0.3724 0.1090 0.7417 0.7744 0.6598 0.9438 0.7287 0.1842 0.3158 0.7951 0.8871 0.2108 0.8091 0.6986 0.3337 0.0863 0.3303 0.5109 0.0507 0.9641 0.2187 0.2215 0.8764 0.8928 0.9318 0.6915 0.7255
45 45
20.8797
0.3873 0.0357 0.6254 0.1957 0.8421 0.4338 0.7159 0.3896 0.0624 0.8864 0.7644 0.3348 0.2116 0.0937 0.8939 0.7770 0.1489 0.1411 0.1332 0.8977 0.4041 0.1342 0.0011 0.3863 0.8624 0.6223 0.2739 0.8491 0.0243 0.4800 0.4784 0.6016 0.6212 0.1055 0.9177 0.4392 0.5726 0.0857 0.3514 0.5127 0.0011 0.9714 0.9478 0.2176 0.3757
46 46
18.2960
0.4276 0.5664 0.5175 0.9233 0.0414 0.1139 0.7796 0.2117 0.4077 0.3352 0.1316 0.6190 0.1087 0.3378 0.4643 0.6863 0.9755 0.6837 0.8758 0.2496 0.8485 0.2979 0.7766 0.7097 0.5815 0.4478 0.6179 0.6199 0.8564 0.7885 0.7734 0.7488 0.1508 0.7742 0.9354 0.8718 0.7574 0.8919 0.0836 0.7475 0.3508 0.5095 0.9118 0.9873 0.8613 0.0880
47 47
16.8031
0.6936 0.3825 0.7542 0.3702 0.2665 0.6133 0.0307 0.7322 0.2461 0.0524 0.7516 0.7819 0.0878 0.6705 0.7935 0.7892 0.8146 0.6979 0.2661 0.9016 0.1914 0.2860 0.8615 0.0200 0.4601 0.0670 0.9463 0.8429 0.2251 0.4692 0.2050 0.8210 0.9431 0.9383 0.5650 0.3933 0.1002 0.7831 0.5683 0.2880 0.4478 0.8598 0.8027 0.9858 0.1868 0.2430 0.3306
4 4
0.0001
0.0000 0.0000 0.0000 0.0000
50 50
22.5821
0.4979 0.9585 0.7222 0.7690 0.6152 0.7248 0.8813 0.7447 0.9954 0.1578 0.4611 0.6719 0.8727 0.9035 0.5512 0.4608 0.7862 0.9379 0.1404 0.4902 0.5201 0.2636 0.3190 0.8101 0.1626 0.3268 0.7901 0.9290 0.1187 0.0549 0.2243 0.1173 0.4180 0.4469 0.1489 0.3783 0.7310 0.7141 0.3435 0.6267 0.2238 0.3812 0.3821 0.7668 0.7184 0.2636 0.0754 0.0403 0.3220 0.8886
47 47
17.0331
0.6663 0.5094 0.8132 0.0862 0.5476 0.2043 0.9687 0.6380 0.5556 0.8357 0.7143 0.3036 0.4049 0.8327 0.3245 0.6102 0.9131 0.8816 0.2910 0.1505 0.6220 0.1441 0.1865 0.6916 0.5148 0.5917 0.9454 0.2573 0.9328 0.6412 0.4318 0.0504 0.9518 0.3216 0.7924 0.2458 0.3290 0.8814 0.8945 0.5549 0.5841 0.6154 0.9663 0.4987 0.1088 0.4090 0.6255
46 46
16.6344
0.6870 0.0883 0.2787 0.2693 0.1947 0.9893 0.7916 0.7715 0.0368 0.9123 0.0806 0.7614 0.1861 0.9005 0.6653 0.8326 0.4829 0.8711 0.3238 0.1954 0.5775 0.4465 0.9013 0.9631 0.0114 0.4792 0.8290 0.8453 0.1323 0.8201 0.1142 0.4745 0.9920 0.2563 0.3461 0.7743 0.0691 0.7078 0.5597 0.4546 0.5261 0.2768 0.5883 0.6604 0.9486 0.5725
46 46
17.5751
0.9386 0.8109 0.0641 0.7694 0.5447 0.4632 0.8430 0.5170 0.3933 0.9805 0.4290 0.6089 0.2791 0.6726 0.7312 0.0852 0.8799 0.7129 0.5939 0.7332 0.3494 0.2380 0.4854 0.1559 0.6996 0.6583 0.5416 0.0705 0.4570 0.6072 0.3225 0.4421 0.1432 0.5597 0.1499 0.3635 0.9445 0.4075 0.6766 0.8489 0.6182 0.6564 0.5950 0.8142 0.8503 0.6435
50 50
21.5880
0.3170 0.1759 0.6030 0.4902 0.9649 0.5947 0.9763 0.1184 0.2132 0.1597 0.4538 0.7036 0.8694 0.7042 0.1862 0.8928 0.6686 0.0666 0.4310 0.8769 0.6019 0.2435 0.9200 0.3267 0.2927 0.5229 0.5942 0.8596 0.2673 0.3177 0.8346 0.8745 0.9461 0.3234 0.3209 0.4604 0.2426 0.8980 0.8548 0.3040 0.8192 0.8851 0.1242 0.0978 0.9309 0.2192 0.0540 0.9705 0.5590 0.4233
46 46
22.9558
0.6399 0.1423 0.0933 0.5120 0.0138 0.7502 0.0245 0.0098 0.7296 0.9788 0.9654 0.2317 0.9795 0.5326 0.3614 0.1271 0.6379 0.0811 0.6561 0.4533 0.4103 0.6599 0.8739 0.0427 0.8629 0.0949 0.6154 0.0488 0.4647 0.2076 0.9389 0.9752 0.7276 0.4149 0.8982 0.5758 0.8767 0.3523 0.3319 0.1283 0.2221 0.3127 0.8144 0.9322 0.0252 0.9857
50 50
0.0049
0.9999 0.9999 0.9999 0.9999 0.9999 0.9999 0.9999 0.9999 0.9999 0.9999 0.9999 0.9999 0.9999 0.9999 0.9999 0.9999 0.9999 0.9999 0.9999 0.9999 0.9999 0.9999 0.9999 0.9999 0.9999 0.9999 0.9999 0.9999 0.9999 0.9999 0.9999 0.9999 0.9999 0.9999 0.9999 0.9999 0.9999 0.9999 0.9999 0.9999 0.9999 0.9999 0.9999 0.9999 0.9999 0.9999 0.9999 0.9999 0.9999 0.9999
49 49
18.4966
0.8573 0.4753 0.6235 0.7881 0.1000 0.5605 0.7967 0.7353 0.2842 0.4582 0.5786 0.6104 0.5262 0.4811 0.3467 0.9182 0.7126 0.7974 0.2293 0.5893 0.2481 0.6243 0.4758 0.2456 0.7453 0.5583 0.7802 0.6059 0.3841 0.0716 0.2836 0.2074 0.9227 0.0044 0.1369 0.1303 0.6821 0.2164 0.4429 0.2116 0.0809 0.1123 0.6275 0.1563 0.4906 0.1575 0.8917 0.8086 0.3765
46 46
20.7855
0.2742 0.9693 0.3666 0.4157 0.9780 0.8533 0.2656 0.0442 0.6665 0.4835 0.0192 0.0611 0.1021 0.8311 0.5797 0.3383 0.3446 0.6011 0.8355 0.0711 0.4650 0.5867 0.1743 0.5326 0.4534 0.7454 0.9335 0.6578 0.2574 0.3186 0.2288 0.0469 0.7615 0.2131 0.5633 0.1882 0.5317 0.8057 0.3287 0.5230 0.2786 0.1107 0.4105 0.2587 0.0660 0.0096
48 48
17.7620
0.1670 0.0362 0.6396 0.2313 0.8385 0.3754 0.1504 0.7374 0.6052 0.8814 0.5955 0.2822 0.0877 0.0793 0.9565 0.9986 0.5838 0.6734 0.9353 0.6770 0.1112 0.3878 0.5762 0.8646 0.1731 0.7751 0.2298 0.0339 0.3829 0.2104 0.4283 0.2146 0.4718 0.4892 0.1757 0.7898 0.9441 0.3643 0.8727 0.5747 0.3553 0.1549 0.9020 0.1057 0.9037 0.6087 0.0232 0.2673
45 45
19.1315
0.5060 0.5912 0.4710 0.9152 0.3348 0.4413 0.5024 0.3850 0.6254 0.3860 0.7422 0.0419 0.8742 0.4097 0.0887 0.3937 0.1326 0.4092 0.3672 0.6982 0.0452 0.7932 0.9643 0.9600 0.4762 0.1454 0.1277 0.8891 0.3189 0.6393 0.1223 0.8380 0.1490 0.6691 0.1207 0.1319 0.0142 0.1288 0.8260 0.0652 0.4355 0.8143 0.2199 0.9861 0.6367
2 2
0.5000
0.5000 0.5000
49 49
18.2875
0.0956 0.2731 0.0580 0.7784 0.6656 0.2284 0.0506 0.9138 0.9503 0.4670 0.7114 0.8445 0.5211 0.4864 0.2089 0.4149 0.4664 0.4553 0.2382 0.5321 0.8939 0.9843 0.6432 0.8250 0.8919 0.8941 0.7868 0.1860 0.0323 0.6764 0.6514 0.5661 0.1509 0.5941 0.1146 0.3575 0.4938 0.0496 0.8848 0.8265 0.1319 0.3233 0.6745 0.6862 0.9534 0.0309 0.4462 0.6022 0.1293
49 49
24.4782
0.0390 0.0118 0.4622 0.0183 0.1025 0.9548 0.3499 0.1791 0.4220 0.2557 0.9008 0.9365 0.4176 0.0413 0.1029 0.4744 0.9816 0.0071 0.7413 0.4778 0.2673 0.8928 0.9346 0.6319 0.6892 0.6762 0.1026 0.3596 0.0853 0.0327 0.8888 0.3684 0.8125 0.7768 0.7616 0.5292 0.3511 0.8538 0.3425 0.9688 0.8334 0.8810 0.1037 0.2157 0.2275 0.1697 0.3126 0.6242 0.2279
45 45
18.5805
0.3350 0.3205 0.6428 0.9687 0.7625 0.3123 0.1969 0.5939 0.2577 0.0374 0.4606 0.0337 0.1655 0.4612 0.4469 0.0914 0.5248 0.6761 0.0251 0.2396 0.4124 0.2200 0.7511 0.9530 0.0328 0.9737 0.4057 0.4454 0.1787 0.0591 0.1464 0.5312 0.5603 0.7432 0.9368 0.9628 0.0763 0.4308 0.5732 0.2471 0.4672 0.7191 0.1131 0.8939 0.5695
50 50
19.0874
0.0732 0.1347 0.3695 0.4811 0.0298 0.3184 0.2073 0.1508 0.7018 0.3283 0.2466 0.5711 0.2945 0.2644 0.7006 0.7246 0.5618 0.6691 0.8345 0.6943 0.7220 0.2077 0.4905 0.0046 0.2121 0.0038 0.0749 0.8135 0.1552 0.8643 0.3356 0.6344 0.3275 0.4982 0.4198 0.7452 0.5730 0.3212 0.0091 0.1125 0.4119 0.8097 0.8770 0.5610 0.9305 0.8714 0.7408 0.9913 0.4860 0.7978
48 48
17.6682
0.2239 0.9986 0.6124 0.7869 0.0310 0.6993 0.6566 0.6675 0.2903 0.8087 0.7515 0.6454 0.4435 0.5032 0.3836 0.0223 0.3049 0.9049 0.5526 0.7007 0.3538 0.3535 0.4575 0.7959 0.2126 0.3034 0.0032 0.3341 0.7205 0.0146 0.7416 0.2922 0.3178 0.8127 0.8480 0.3863 0.6422 0.8740 0.9961 0.1449 0.2560 0.9591 0.3380 0.0865 0.8937 0.2343 0.0802 0.0455
50 50
0.0000
0.3333 0.3333 0.3333 0.3333 0.3333 0.3333 0.3333 0.3333 0.3333 0.3333 0.3333 0.3333 0.3333 0.3333 0.3333 0.3333 0.3333 0.3333 0.3333 0.3333 0.3333 0.3333 0.3333 0.3333 0.3333 0.3333 0.3333 0.3333 0.3333 0.3333 0.3333 0.3333 0.3333 0.3333 0.3333 0.3333 0.3333 0.3333 0.3333 0.3333 0.3333 0.3333 0.3333 0.3333 0.3333 0.3333 0.3333 0.3333 0.3333 0.3333
49 49
22.1781
0.2213 0.9573 0.5845 0.5944 0.4654 0.1551 0.2255 0.4390 0.3590 0.3615 0.2451 0.7556 0.1110 0.6124 0.1482 0.1743 0.6578 0.3726 0.3077 0.9005 0.3545 0.1170 0.8781 0.9920 0.4917 0.8329 0.8526 0.9366 0.0789 0.0202 0.7899 0.6391 0.8992 0.2386 0.3907 0.1376 0.4886 0.1785 0.9002 0.8839 0.6496 0.6523 0.5475 0.7249 0.4642 0.5500 0.4521 0.2592 0.5408
45 45
16.0896
0.8437 0.7442 0.6450 0.4724 0.1021 0.0604 0.8636 0.3880 0.6863 0.1857 0.4902 0.5401 0.9627 0.5326 0.1217 0.3982 0.5852 0.1757 0.7999 0.6428 0.0447 0.5978 0.8884 0.5211 0.3602 0.9101 0.4083 0.9786 0.3336 0.5407 0.6881 0.6456 0.7198 0.8573 0.2121 0.1573 0.7578 0.5882 0.4957 0.3046 0.0393 0.0102 0.1044 0.0842 0.9701
2 2
0.0000
1.0000 1.0000
45 45
3.5904
0.2414 0.4031 0.1847 0.9111 0.5221 0.4654 0.8945 0.7398 0.6942 0.8465 0.3252 0.3655 0.4520 0.3448 0.4244 0.1272 0.6697 0.2361 0.5127 0.3324 0.4568 0.5679 0.1720 0.4820 0.8075 0.3880 0.7976 0.5776 0.4465 0.3892 0.2692 0.3028 0.7715 0.3308 0.4581 0.4972 0.1018 0.3233 0.1824 0.8268 0.3085 0.1036 0.7122 0.9563 0.7248
45 45
16.0949
0.7113 0.3017 0.0312 0.9490 0.1413 0.8307 0.7415 0.8693 0.7514 0.8158 0.0286 0.3450 0.0193 0.7640 0.1181 0.0255 0.5726 0.5795 0.6602 0.8828 0.2337 0.4271 0.4812 0.7240 0.9452 0.6368 0.2515 0.0992 0.6282 0.5042 0.1788 0.5523 0.0327 0.0931 0.7964 0.4215 0.1242 0.4258 0.4604 0.1607 0.5326 0.5811 0.3024 0.8261 0.9094
50 50
19.1989
0.0577 0.1857 0.7412 0.3559 0.4335 0.4928 0.2027 0.2042 0.5931 0.3284 0.8444 0.8801 0.0092 0.8716 0.7484 0.8536 0.6222 0.1143 0.3691 0.1836 0.7380 0.0779 0.4731 0.5407 0.0570 0.9356 0.4086 0.7317 0.6578 0.1641 0.3076 0.6542 0.4286 0.3178 0.8865 0.7434 0.3994 0.5426 0.9807 0.0915 0.9459 0.9726 0.0195 0.1043 0.5884 0.1310 0.5892 0.3742 0.6880 0.6090
45 45
22.2591
0.3371 0.0268 0.6230 0.6260 0.4552 0.0430 0.0307 0.5890 0.3673 0.0182 0.8245 0.0086 0.1182 0.5074 0.0956 0.5212 0.9478 0.9341 0.6583 0.1446 0.0460 0.9988 0.3120 0.9781 0.7855 0.6554 0.3600 0.0285 0.8057 0.7063 0.3043 0.0526 0.9180 0.9352 0.9487 0.2011 0.9612 0.4045 0.7201 0.2813 0.1242 0.0466 0.5456 0.0679 0.0872
45 45
19.4891
0.4875 0.3882 0.1858 0.5641 0.4276 0.6824 0.4022 0.3234 0.4114 0.8297 0.2137 0.7754 0.8246 0.2596 0.8716 0.9576 0.2781 0.3108 0.4836 0.5138 0.5900 0.9763 0.4342 0.2029 0.3172 0.7257 0.8767 0.0880 0.7261 0.6679 0.0449 0.1359 0.5768 0.5360 0.0914 0.7239 0.5034 0.9654 0.1755 0.5441 0.4966 0.2014 0.0291 0.2579 0.8380
1 1
0.3333
0.5000
49 49
2.2603
0.5165 0.7694 0.4606 0.2368 0.8691 0.6873 0.3106 0.1679 0.6857 0.2831 0.7809 0.6942 0.7932 0.3545 0.7481 0.5347 0.7064 0.6125 0.5337 0.1329 0.2235 0.2062 0.0739 0.2869 0.8561 0.1160 0.7961 0.3850 0.5352 0.1762 0.2017 0.7444 0.4856 0.8378 0.5095 0.4581 0.8354 0.5509 0.7213 0.7001 0.6047 0.4266 0.0706 0.8491 0.4795 0.9229 0.5154 0.0852 0.4379
47 47
17.9783
0.5314 0.0174 0.8846 0.2042 0.1947 0.8308 0.4388 0.5836 0.2460 0.8134 0.8329 0.8121 0.2772 0.6586 0.5243 0.4264 0.1727 0.3919 0.3495 0.5161 0.9791 0.8295 0.2025 0.8293 0.3731 0.2351 0.4160 0.5893 0.7608 0.5527 0.1909 0.6705 0.2436 0.6165 0.3772 0.2294 0.3857 0.9815 0.4504 0.7883 0.2480 0.1521 0.6547 0.4126 0.3645 0.2634 0.5592
45 45
15.7887
0.4573 0.9964 0.0217 0.2265 0.5493 0.9009 0.1645 0.1151 0.7341 0.5321 0.4885 0.7297 0.7958 0.5773 0.2625 0.4123 0.6999 0.4201 0.5215 0.0841 0.3113 0.8159 0.8766 0.6525 0.2482 0.4964 0.2059 0.0359 0.3044 0.8356 0.9482 0.8393 0.1436 0.9674 0.9457 0.8877 0.3258 0.5845 0.6115 0.1463 0.8614 0.8387 0.7270 0.0631 0.6094
49 49
19.6041
0.8583 0.3714 0.5941 0.3356 0.0635 0.2808 0.1033 0.4796 0.9635 0.0353 0.5251 0.2297 0.3849 0.3715 0.5935 0.3688 0.4686 0.7832 0.2007 0.8202 0.4509 0.4734 0.0174 0.0595 0.7948 0.3585 0.1467 0.8269 0.7877 0.3590 0.2955 0.8747 0.3406 0.5659 0.8517 0.7091 0.7006 0.1290 0.1377 0.3540 0.3924 0.2544 0.3266 0.1731 0.7456 0.7203 0.2708 0.8501 0.5690
50 50
0.0000
0.9999 0.9999 0.9999 0.9999 0.9999 0.9999 0.9999 0.9999 0.9999 0.9999 0.9999 0.9999 0.9999 0.9999 0.9999 0.9999 0.9999 0.9999 0.9999 0.9999 0.9999 0.9999 0.9999 0.9999 0.9999 0.9999 0.9999 0.9999 0.9999 0.9999 0.9999 0.9999 0.9999 0.9999 0.9999 0.9999 0.9999 0.9999 0.9999 0.9999 0.9999 0.9999 0.9999 0.9999 0.9999 0.9999 0.9999 0.9999 0.9999 0.9999
47 47
16.6888
0.4630 0.9294 0.3276 0.5290 0.7613 0.0791 0.4369 0.3816 0.0361 0.3737 0.7760 0.4140 0.6444 0.8682 0.9844 0.9098 0.0595 0.6952 0.6447 0.1962 0.8787 0.7886 0.4128 0.0737 0.8271 0.2564 0.2720 0.6807 0.2205 0.6770 0.9818 0.8892 0.4294 0.6371 0.5717 0.2827 0.2500 0.9142 0.6887 0.7997 0.9479 0.9382 0.7974 0.6716 0.6268 0.5996 0.4398
1 1
0.5000
0.5000
45 45
18.1468
0.2627 0.8563 0.1732 0.5133 0.9448 0.4128 0.3867 0.2083 0.3671 0.8974 0.2102 0.8444 0.2320 0.3883 0.0932 0.8951 0.2664 0.1189 0.2741 0.0835 0.5645 0.8457 0.1803 0.7257 0.7902 0.8156 0.0789 0.1395 0.9846 0.0227 0.7656 0.2390 0.7010 0.0920 0.8191 0.8022 0.9600 0.5482 0.9691 0.7283 0.5672 0.9224 0.7924 0.1804 0.2304
50 50
0.0050
0.9999 0.9999 0.9999 0.9999 0.9999 0.9999 0.9999 0.9999 0.9999 0.9999 0.9999 0.9999 0.9999 0.9999 0.9999 0.9999 0.9999 0.9999 0.9999 0.9999 0.9999 0.9999 0.9999 0.9999 0.9999 0.9999 0.9999 0.9999 0.9999 0.9999 0.9999 0.9999 0.9999 0.9999 0.9999 0.9999 0.9999 0.9999 0.9999 0.9999 0.9999 0.9999 0.9999 0.9999 0.9999 0.9999 0.9999 0.9999 0.9999 0.9999
47 47
17.2180
0.3121 0.4406 0.4982 0.7497 0.6679 0.1056 0.7374 0.1427 0.5413 0.0598 0.5380 0.2739 0.1007 0.9538 0.9866 0.2687 0.6659 0.7708 0.0602 0.7092 0.7030 0.6983 0.6329 0.7079 0.8717 0.3799 0.0415 0.7539 0.5994 0.2073 0.1246 0.8735 0.4407 0.0399 0.6829 0.1606 0.8590 0.7257 0.9447 0.3204 0.3245 0.2851 0.4167 0.3090 0.2228 0.5548 0.4390
49 49
16.2420
0.6969 0.6482 0.8749 0.5111 0.5518 0.4550 0.9616 0.6330 0.1705 0.9846 0.1264 0.8025 0.3299 0.5146 0.0003 0.6107 0.5875 0.6422 0.8517 0.9719 0.9034 0.1243 0.4362 0.7314 0.7834 0.2727 0.9391 0.1340 0.3680 0.9929 0.5769 0.3507 0.8209 0.7668 0.1522 0.1958 0.4993 0.4846 0.8232 0.9224 0.7159 0.1015 0.2425 0.3756 0.2406 0.8634 0.4747 0.7552 0.1408
45 45
18.9853
0.9815 0.7235 0.4501 0.4849 0.2559 0.7394 0.2184 0.4524 0.3256 0.7416 0.3334 0.7358 0.6609 0.3559 0.0088 0.1971 0.7425 0.4041 0.6679 0.3124 0.4848 0.5139 0.6432 0.0644 0.3877 0.2046 0.2269 0.0933 0.4907 0.7523 0.9970 0.8599 0.5086 0.0899 0.5647 0.9711 0.5321 0.5599 0.8408 0.4118 0.3415 0.9036 0.6599 0.9765 0.7152
48 48
16.1763
0.7185 0.4288 0.4689 0.0729 0.6417 0.4821 0.5134 0.8584 0.8720 0.8500 0.7395 0.8100 0.5901 0.9428 0.1089 0.6632 0.2062 0.5561 0.6632 0.6839 0.1716 0.4217 0.1260 0.6724 0.6990 0.8778 0.9128 0.8108 0.9422 0.4453 0.4380 0.5139 0.4824 0.8981 0.7194 0.2448 0.4116 0.2185 0.3778 0.8727 0.6371 0.1868 0.1867 0.8628 0.4971 0.1862 0.6117 0.1151
50 50
0.0000
0.0000 0.0000 0.0000 0.0000 0.0000 0.0000 0.0000 0.0000 0.0000 0.0000 0.0000 0.0000 0.0000 0.0000 0.0000 0.0000 0.0000 0.0000 0.0000 0.0000 0.0000 0.0000 0.0000 0.0000 0.0000 0.0000 0.0000 0.0000 0.0000 0.0000 0.0000 0.0000 0.0000 0.0000 0.0000 0.0000 0.0000 0.0000 0.0000 0.0000 0.0000 0.0000 0.0000 0.0000 0.0000 0.0000 0.0000 0.0000 0.0000 0.0000
49 49
17.5580
0.3637 0.8168 0.5755 0.0127 0.0205 0.9619 0.7609 0.2154 0.8993 0.0580 0.8805 0.7410 0.2517 0.7246 0.4991 0.7151 0.2919 0.2901 0.2852 0.7816 0.6769 0.7171 0.5474 0.0936 0.1242 0.7826 0.2727 0.0335 0.8164 0.2929 0.7539 0.1093 0.3549 0.3075 0.9779 0.4035 0.8617 0.1116 0.3291 0.8963 0.4169 0.6266 0.9979 0.0599 0.1165 0.9548 0.0322 0.8559 0.1133
49 49
19.0658
0.3430 0.3722 0.7530 0.7561 0.1050 0.9507 0.2760 0.4488 0.0395 0.8140 0.6806 0.4944 0.0394 0.1539 0.7101 0.2057 0.3268 0.7956 0.5410 0.5952 0.2464 0.8587 0.1137 0.9648 0.5880 0.9926 0.0824 0.5396 0.9897 0.3734 0.0771 0.7588 0.3853 0.2117 0.5279 0.4627 0.5353 0.3515 0.9393 0.7367 0.3938 0.0787 0.7456 0.0820 0.0311 0.6371 0.1995 0.4905 0.3497
46 46
20.1398
0.9292 0.2984 0.6979 0.3204 0.8755 0.0163 0.4396 0.5049 0.8179 0.4552 0.9410 0.2581 0.0800 0.3106 0.2258 0.5053 0.5628 0.9995 0.3659 0.4433 0.5280 0.0642 0.2061 0.6511 0.7311 0.3339 0.7166 0.2638 0.5262 0.3870 0.2938 0.4112 0.3390 0.8416 0.0025 0.1262 0.9421 0.7672 0.4792 0.3144 0.3853 0.2623 0.5973 0.1958 0.0452 0.7180
