500 1000
464
980
317
224
939
853
701
900
222
704
872
446
687
56
752
601
234
731
636
152
32
142
103
748
915
923
280
685
264
481
955
110
638
429
864
984
501
573
102
792
55
36
432
813
963
759
734
78
233
731
792
631
417
601
603
797
765
559
166
308
723
698
893
729
374
232
878
944
709
760
481
809
432
778
462
569
946
897
152
162
166
435
516
50
983
754
744
708
329
604
521
991
841
196
909
831
696
403
187
659
590
339
437
672
807
951
442
943
112
447
203
153
559
1000
337
853
362
916
201
963
290
485
453
765
126
231
90
487
900
581
83
604
844
812
540
934
957
598
56
12
694
193
197
600
2
331
776
166
566
958
297
596
667
203
56
333
160
842
339
834
722
148
24
750
988
887
933
13
433
946
570
926
483
412
62
259
3
223
580
37
28
454
39
706
350
665
445
9
186
546
758
894
531
787
873
868
596
390
250
725
266
911
883
39
951
412
594
356
658
367
527
623
473
670
919
751
819
396
201
515
112
545
74
378
289
266
787
585
135
659
388
744
454
545
225
941
324
832
383
791
127
47
713
7
237
207
429
594
364
188
120
493
395
139
275
194
197
915
600
201
736
791
248
221
899
73
290
349
251
962
709
722
396
882
892
428
689
435
848
372
185
85
373
737
25
434
987
330
79
972
632
193
716
545
994
170
426
984
985
654
159
159
509
74
276
644
693
747
618
971
41
827
12
304
671
338
787
566
796
816
101
926
18
366
84
923
29
161
61
309
955
972
781
432
53
704
924
925
682
298
579
730
562
73
758
388
855
716
478
816
483
668
248
730
275
431
443
70
950
479
448
312
696
697
64
968
560
619
858
173
227
676
522
185
591
450
895
646
623
338
926
337
204
673
989
232
171
4
446
220
625
461
236
735
276
160
13
952
160
591
275
51
872
561
323
503
837
370
285
55
185
818
218
214
794
791
887
226
743
669
147
811
910
345
591
471
606
935
219
166
90
136
106
818
177
730
437
394
688
146
76
752
163
302
67
665
530
742
34
76
631
722
874
9
273
41
307
196
45
133
456
173
766
204
92
708
793
881
803
478
341
359
687
158
892
19
513
71
978
308
661
738
403
618
318
261
787
792
638
850
484
256
399
942
468
412
198
654
916
38
461
745
723
695
403
15
614
767
118
84
840
64
271
363
161
887
506
902
874
50
523
192
790
992
503
877
63
20
190
868
714
928
770
395
545
152
621
750
767
607
915
441
349
594
923
612
915
670
745
658
883
502
406
638
409
20
1000
444
66
276
965
92
736
865
849
988
682
500
45
755
565
775
208
437
601
289
138
218
4
73
875
264
115
929
50
488
215
362
318
866
306
967
815
506
475
206
645
350
58
697
74
320
493
294
834
315
475
547
364
291
767
399
197
759
957
11
93
99
118
60
901
336
66
462
450
807
827
940
401
529
932
699
113
119
538
119
616
952
897
143
80
805
207
566
725
135
826
58
586
709
233
19
837
717
952
938
873
266
223
835
610
788
869
298
954
115
953
455
895
27
735
886
235
416
601
719
926
244
460
534
393
120
224
953
993
98
313
707
559
107
61
882
753
918
262
58
459
752
775
816
198
69
970
64
257
633
412
852
577
344
73
74
391
910
367
572
664
99
69
170
486
120
371
808
798
876
799
435
781
949
270
397
595
914
98
535
41
103
16
937
94
95
934
620
287
557
266
688
255
960
672
808
835
754
596
650
493
608
594
821
341
583
94
804
925
378
882
587
359
844
732
545
860
106
707
675
473
352
260
723
586
418
539
11
705
891
978
231
475
890
667
916
795
25
779
36
305
175
757
162
145
311
613
797
287
459
667
687
455
238
979
911
667
897
321
673
379
745
185
799
176
278
762
876
56
412
429
228
494
111
985
832
971
132
909
607
813
399
345
210
606
491
783
976
505
240
414
834
743
606
872
344
406
49
432
981
950
300
324
691
19
172
245
896
109
265
808
716
928
340
92
839
256
422
819
603
186
682
978
596
44
246
751
541
529
919
657
697
276
900
854
937
557
284
95
158
563
268
501
604
847
161
249
808
525
764
596
655
321
52
997
761
110
36
668
824
189
152
349
109
731
321
781
151
845
971
343
321
707
108
412
573
952
598
436
77
539
393
828
2
257
838
61
326
11
676
620
799
615
415
74
937
591
721
525
363
185
317
942
487
940
808
396
873
499
729
584
356
818
318
329
291
359
844
361
313
638
452
811
28
784
256
322
503
11
120
904
697
580
830
461
648
694
849
837
908
951
65
152
942
749
901
255
872
555
952
802
116
884
635
492
71
984
380
426
493
507
267
438
90
242
421
618
536
223
897
839
568
122
891
866
66
789
959
75
92
464
423
604
69
255
458
690
235
63
134
428
957
918
483
973
468
575
220
840
709
216
614
876
460
573
766
984
896
300
266
179
148
746
453
790
127
734
43
348
962
661
38
592
337
788
455
694
103
89
896
994
531
361
479
511
703
331
116
757
830
182
35
525
616
85
487
824
67
361
653
262
846
290
432
242
510
442
218
820
397
450
247
645
899
552
99
497
983
744
589
16
478
58
740
920
968
642
70
615
474
264
345
39
992
990
827
578
728
892
16
111
101
654
285
427
511
801
441
960
989
668
184
130
828
756
88
170
301
138
613
468
201
524
507
356
971
4
33
196
489
338
705
616
740
461
647
948
98
522
76
455
914
505
921
266
639
819
117
413
652
633
866
868
220
38
786
703
649
208
843
565
222
104
92
293
83
995
805
973
589
479
138
661
359
419
890
703
832
352
816
619
762
309
851
751
374
192
290
934
777
680
11
814
187
661
839
794
390
883
613
430
52
912
906
832
137
782
533
792
57
142
41
52
72
465
878
861
253
629
482
752
705
225
468
853
509
477
432
229
988
937
438
139
238
42
69
470
535
143
708
791
662
468
737
511
541
19
704
158
719
607
416
943
872
778
872
270
735
664
76
411
684
387
386
644
470
252
785
192
538
950
460
191
393
661
381
646
620
861
500
981
170
980
497
693
89
348
372
856
675
779
639
333
114
891
40
792
432
878
24
156
177
408
793
891
312
303
301
780
777
729
533
66
933
651
17
709
421
753
652
693
664
758
465
962
15
850
724
156
596
311
495
114
946
1000
123
606
282
864
162
628
193
176
994
563
329
385
471
58
806
445
463
696
305
182
900
230
473
963
517
159
372
687
247
523
476
643
660
612
210
272
351
387
725
719
742
24
410
424
89
2
795
399
689
565
214
785
6
439
426
344
625
400
990
747
807
371
278
899
99
96
272
487
900
671
947
541
936
730
431
807
834
184
674
165
967
256
148
373
100
474
514
391
566
575
779
803
587
359
51
819
768
389
255
540
434
412
515
636
479
481
349
154
801
946
615
448
847
751
523
861
538
831
728
