223.30472454
91.82864477
91.26335519
210.24628415
179.97638734
198.00631303
219.78739727
41.44273157
192.84060776
200.28854186
173.91952162
222.35107375
52.24461695
168.97632970
146.45647818
119.72050785
154.97741771
59.56509045
173.98275777
217.68899834
200.69255093
75.04332082
163.60470653
98.59259607
213.94859196
201.78577750
177.64008557
153.92368239
115.26491227
140.20877291
109.25200227
80.58225611
98.60020284
58.84725992
153.44054223
71.45977890
135.60604706
202.97536796
169.10351859
221.22273843
165.87043136
32.54228019
168.15915081
217.20612330
46.78675026
179.83742658
172.84964565
131.29356420
158.54336946
179.68861956
194.30774560
179.61904131
204.81699148
172.01308090
204.07596625
201.90839507
163.89935936
159.87025990
103.53501823
162.96932227
159.95936984
89.62979415
43.65775991
175.11424842
91.00549434
131.90147838
170.82154431
87.60707734
107.30330843
47.16460537
10.29563014
102.00000000
202.37465256
86.70928439
164.36848846
149.08051516
57.40644563
154.18495387
128.01367114
29.45335295
197.69294373
97.29337079
156.81836627
124.18937153
178.04493815
103.44322114
129.15107433
144.96033940
194.84865922
193.38303959
199.31507720
111.35753230
214.27435684
175.65733688
157.78783223
146.84004903
192.84190416
145.92635129
20.54263858
203.34084686