100
1 1
540 600
840 900
2 0
900 1260
180 540
1 1
1439 1440
0 1
0 2
833 994
1333 1440
2 0
359 380
842 1169
1 0
368 416
2 0
0 360
1079 1429
1 0
186 444
0 2
84 510
1256 1440
1 1
1235 1311
1311 1370
0 2
956 1074
625 956
1 1
517 564
1237 1440
0 2
1129 1201
1201 1278
2 0
1362 1440
753 1361
2 0
1225 1440
754 850
0 2
1220 1440
938 1220
0 2
1336 1367
1318 1336
2 0
1296 1325
743 1296
2 0
1084 1308
1308 1440
1 1
682 1243
1243 1440
0 2
1048 1440
721 1048
2 0
10 360
1080 1430
2 0
916 1235
1326 1440
1 0
297 650
0 2
917 1307
1307 1440
0 2
180 540
540 900
1 1
284 442
90 284
1 1
840 1204
1282 1440
0 1
226 454
0 2
156 673
1262 1440
2 0
1134 1399
1399 1440
0 2
1080 1440
10 360
0 1
81 128
0 2
945 1440
894 945
0 2
379 902
1371 1440
2 0
98 218
218 364
2 0
339 550
1250 1440
0 2
206 474
493 559
1 1
1032 1192
360 1032
2 0
476 517
746 1271
2 0
11 361
1080 1430
2 0
1305 1440
1221 1305
1 0
1070 1177
1 1
284 726
726 1440
2 0
1356 1440
1218 1300
1 0
628 897
1 0
993 1440
0 2
1157 1440
706 903
2 0
793 826
826 1440
1 0
801 888
2 0
1083 1440
422 609
0 2
11 361
1080 1440
2 0
1366 1440
1099 1271
0 1
431 501
0 2
1080 1440
0 360
1 0
678 1092
2 0
747 1059
1059 1440
0 2
540 900
179 539
2 0
1378 1439
1057 1378
0 2
541 901
180 540
2 0
1055 1081
1081 1357
0 1
719 986
0 2
916 1283
1283 1440
0 2
1211 1440
1082 1211
2 0
904 1198
1198 1440
0 2
1311 1440
258 642
1 1
436 1034
1034 1440
1 1
992 1225
1410 1440
2 0
1106 1440
376 719
1 0
954 1063
2 0
1008 1284
683 1008
0 2
598 857
917 928
1 0
909 1200
0 1
1198 1440
0 2
259 959
240 259
0 1
383 830
2 0
405 735
119 163
1 0
1364 1440
0 2
1367 1418
885 889
2 0
766 1099
1351 1440
1 1
984 1440
690 984
0 2
234 421
421 490
1 0
31 380
2 0
427 641
641 791
1 0
11 111
2 0
10 360
1079 1429
1 1
752 1082
1104 1219
0 2
722 911
911 1440
2 0
897 1020
257 593
0 2
933 1440
841 933
1 1
0 1
1439 1440
0 2
1136 1201
334 937
2 0
1080 1430
0 360
2 0
1335 1440
1204 1335
0 2
919 1327
1327 1440
1 0
1262 1440
1 0
250 274
0 2
0 1
1439 1440
2 0
0 1
1439 1440
0 2
284 304
304 932
