100
1 1
540 600
840 900
2 0
900 1260
180 540
1 1
1439 1440
0 1
1 1
903 921
826 903
1 1
1193 1440
1109 1193
2 0
754 902
902 943
1 0
107 610
0 2
441 523
1081 1151
0 2
1439 1440
1080 1439
1 0
891 1440
2 0
1080 1430
11 361
1 1
519 709
789 1440
2 0
1270 1440
799 849
1 1
32 630
630 1105
0 1
996 1372
0 1
1209 1440
1 1
1125 1159
1159 1440
0 2
803 827
531 669
0 2
1213 1319
1319 1438
0 1
1333 1440
0 2
579 700
48 401
2 0
302 737
269 302
2 0
1231 1323
1323 1440
0 2
1268 1269
750 881
1 1
1096 1174
1062 1095
0 2
874 1440
762 874
0 2
180 540
541 901
1 0
1209 1440
0 2
309 415
522 789
0 1
783 1440
1 1
281 534
855 1440
0 2
1247 1440
65 383
0 2
0 1
1439 1440
1 0
535 654
0 2
10 360
1080 1440
2 0
1162 1256
1066 1162
1 0
908 1199
1 1
1263 1349
1349 1440
1 0
95 355
2 0
1327 1440
254 790
0 1
205 534
0 2
433 697
1295 1440
0 1
395 474
2 0
903 905
905 1440
2 0
104 810
1256 1261
2 0
1079 1429
10 360
0 2
361 588
588 693
2 0
624 895
895 938
1 1
1055 1271
1415 1440
0 2
521 850
1070 1119
0 2
257 431
1275 1375
2 0
48 55
55 337
2 0
1143 1440
659 733
2 0
86 208
764 1245
0 2
1007 1163
1163 1440
0 2
1080 1440
0 360
0 2
1234 1440
1177 1234
2 0
0 360
1080 1430
1 1
1427 1440
1012 1427
0 1
1028 1440
2 0
779 911
633 779
0 2
864 1440
40 125
0 2
1047 1440
863 1047
2 0
0 360
1079 1429
2 0
657 768
368 493
0 1
84 169
2 0
903 1440
855 903
0 1
1292 1440
2 0
880 1101
1101 1440
0 2
540 900
180 540
1 1
710 1299
1299 1440
2 0
900 1440
150 264
0 1
327 904
0 2
670 729
154 670
0 1
1359 1440
1 0
1117 1440
0 1
150 617
0 2
540 900
179 539
1 1
0 1
1439 1440
2 0
1085 1440
733 1085
2 0
346 936
272 346
1 1
606 877
877 1440
2 0
1095 1204
476 841
0 2
1262 1440
980 1262
1 0
1382 1440
2 0
0 1
1439 1440
1 0
781 1440
2 0
10 360
1080 1430
0 2
1016 1440
909 1016
0 2
1170 1440
1038 1170
1 1
951 1440
387 614
2 0
747 821
532 747
1 1
785 856
856 1088
1 0
790 1440
0 1
318 380
1 0
342 422
0 2
11 361
1080 1440
0 2
1125 1273
1273 1440
1 0
49 315
1 1
943 1014
18 99
