100
2 1
100 20
200 10
2 2
100 20
200 10
3 2
100 10
100 10
100 10
4 2
9 3
7 1
10 1
8 4
2 1
69993 628421
459969 348538
4 3
21312 2601
252256 29
23819 2361
25252 2100
3 1
79416 442665
201671 174317
791897 44393
7 5
839899 733630
699004 91617
162335 809973
251066 978027
200633 434121
875855 344596
583909 742023
5 1
290355 25
23572 2796
232996 9
23050 2345
28870 2100
2 1
3629 324536
18934 85
9 4
865641 21771
301843 62436
700616 26899
554274 34001
71307 264292
665532 28317
556073 33891
56834 331595
546083 34511
5 2
13872 9
19417 46
3774 331759
3567 347126
3063 371504
7 1
3501 328760
15222 12
3842 313478
3022 323285
16876 71
3707 377929
3075 345801
10 7
1784 505021
864647 64875
936810 552004
423192 64185
950401 950841
253777 845085
815132 121109
839137 357959
139622 498560
15115 912127
10 4
639199 83860
131246 408418
454230 118009
129338 414443
78511 682748
213263 251348
134317 399080
451350 118762
699845 76593
109261 490598
6 4
319224 193137
865659 71222
309410 199263
147076 419198
822733 74938
89422 689472
10 5
3308 391126
3128 336894
19328 97
3804 305069
11268 67
3240 378248
12844 24
3279 371179
3434 305177
3041 363049
2 1
470292 207692
894665 426618
4 2
3102 367907
11420 10
3607 389463
3498 357429
10 3
3685 328320
12023 21
16373 57
3604 338082
3931 341774
18490 35
3133 399637
3882 387986
3038 342744
3670 366741
8 5
43043 144072
8073 768152
11592 534963
34056 182091
145899 42504
55341 112056
19866 312156
442728 14007
3 2
72488 126063
224434 40716
257439 35496
2 1
989598 93498
341134 271229
8 2
19513 54
3460 362413
3252 369646
15435 45
3140 323597
3457 390327
3199 305472
3276 377195
9 4
660257 158711
767107 686235
186955 89839
405326 239048
563788 592816
796658 661394
237345 449237
790212 841414
624423 593985
5 3
10009 66
12902 39
3978 387442
3068 379582
3721 381078
7 3
3252 361771
3654 385649
3265 381395
3567 319903
11576 57
3707 334428
11703 15
6 3
3087 325351
12949 57
3106 356734
3171 328222
19863 90
3245 360857
2 1
561950 866342
160343 393151
5 2
95576 691174
955723 319239
424064 900367
603751 400803
230602 910651
3 1
28444 2635
240298 6
28936 2285
2 1
103182 434543
773332 57979
6 4
141372 27094
921196 4158
7524 509082
197064 19437
630819 6072
807576 4743
3 1
24594 2472
27017 2550
239250 72
3 2
75924 541198
83979 489288
303924 135198
5 3
3876 395618
12653 86
3383 346717
3617 301312
12645 34
5 3
3928 379150
3977 315236
18157 22
14247 91
3173 399720
8 3
57251 962643
107844 511037
230389 239214
80327 686099
92082 598513
922690 59730
610135 90328
898897 61311
7 4
90364 503874
437224 104139
256824 177289
922374 49364
149814 303924
652023 69832
65016 700321
4 3
117210 831136
131344 741697
151353 643644
746780 130450
3 2
57288 139113
681912 11687
91512 87087
7 5
430007 350257
877493 401287
45677 353722
750861 180387
421145 263110
720266 954176
587341 158430
9 5
3335 355684
3035 390326
3079 325151
19893 7
12180 100
3655 361857
3200 388763
3070 361615
3056 361815
2 1
294225 33
27238 2184
5 3
28044 735042
377454 54612
349074 59052
601398 34276
35002 588924
4 3
875802 170030
668953 605629
45745 866126
336942 37817
8 6
156941 550276
171470 503650
374140 230825
702675 122903
90703 952128
127853 675470
143073 603614
131808 655202
10 5
46287 769252
809843 43967
353378 100760
443776 80235
700761 50811
768223 46349
345609 103025
504654 70556
754964 47163
320940 110944
2 1
13597 3
3286 395059
2 1
299759 2
20012 2719
4 3
654467 86377
840762 637227
266462 721658
100640 871787
10 7
3793 310121
11857 35
3760 340044
3600 357673
3858 303710
10938 66
16100 66
3669 311905
3213 357832
3816 398722
1 1
1 1
7 4
16254 539396
304612 28782
308568 28413
150696 58179
20746 422604
220662 39732
269997 32472
6 4
100737 28424
10824 264537
216216 13243
121524 23562
370804 7722
16302 175644
6 1
29118 2697
26189 2408
22134 2825
266649 19
233116 58
23532 2631
7 4
898884 60458
90687 599256
133644 406638
615902 88236
602946 90132
449442 120916
444276 122322
5 1
233141 56
226729 4
29985 2815
20566 2012
24035 2308
9 4
3640 328501
3987 326827
3396 336139
3752 392808
3770 364424
12601 55
3839 320644
3541 317748
11752 61
3 1
561425 917655
954334 63994
27037 785549
2 1
289924 83
25413 2774
6 4
58548 315018
966042 19092
871794 21156
951048 19393
59942 307692
109224 168861
10 10
1000000 1000000
1000000 1000000
1000000 1000000
1000000 1000000
1000000 1000000
1000000 1000000
1000000 1000000
1000000 1000000
1000000 1000000
1000000 1000000
3 2
936131 520752
322349 352807
371550 567900
8 5
169911 292744
100233 496248
443889 112056
105524 471366
82708 601398
154008 322973
927768 53613
104748 474858
8 4
26897 2203
218541 72
27730 2014
23504 2843
24903 2267
213018 9
28387 2104
26081 2614
8 4
21662 2564
23261 2368
270694 37
24958 2918
29946 2768
20395 2144
20093 2806
269733 68
8 5
22968 336651
351288 22011
429352 18009
59409 130152
12628 612306
120582 64124
410872 18819
748374 10332
3 2
263340 37
22716 2579
25867 2371
7 4
25221 2946
23381 2371
27090 2967
259806 15
26953 2535
227350 67
27676 2286
9 6
14361 79
3472 355503
3705 333126
11304 24
3576 355319
3220 391992
3785 326208
3382 317660
3994 345263
4 3
256581 32984
121303 69768
205884 41106
25194 335916
2 1
598049 793896
138005 273068
2 1
217573 99
26048 2625
10 7
91234 626507
531141 107615
145538 392741
161249 354475
140240 407578
138952 411356
263853 216631
138420 412937
94238 606536
838203 68192
6 1
226705 99030
600171 37407
330462 67937
108479 206958
106347 211107
287747 78022
6 2
80772 953196
270349 198245
967694 985700
732307 839815
323854 849120
357652 961811
8 5
36828 131138
745416 6479
97614 49476
33201 145464
218196 22134
128898 37468
116622 41412
22968 210273
6 4
2376 676039
13167 121992
15048 106743
3927 409032
10166 158004
119301 13464
4 3
219404 902724
695625 647496
143759 907613
233916 552817
4 1
57962 987886
772331 74139
88503 646982
878933 65147
8 3
27096 2561
21117 2633
22071 2162
235667 31
256394 38
21714 2048
28102 2934
20442 2480
7 4
443132 989309
101638 881924
892499 523245
97162 46186
707660 933593
503592 609335
103294 567043
7 1
822621 121230
503131 505260
558349 708655
579292 910669
453989 721671
819290 515547
962901 619807
7 4
28800 2479
235651 80
254941 26
26392 2238
23979 2250
24859 2457
22929 2345
3 2
68172 66402
8372 540702
148428 30498
2 1
232573 53
25485 2582
9 6
297139 331583
270675 364002
751386 131126
108508 908009
184634 533630
223629 440579
944679 104296
100248 982825
405151 243184
5 3
141372 73718
21483 485112
85608 121737
22968 453747
13311 782936
10 4
3637 309235
19010 15
15332 64
3197 343172
3248 359409
3721 320434
19582 69
3740 324556
3490 306139
3779 327493
6 3
651646 109649
508985 140382
111036 643506
847958 84264
73843 967625
131639 542790
6 4
284828 151795
187995 229982
562515 76861
58601 737794
611318 70725
403173 107238
6 2
29146 2407
219226 32
20814 2173
23979 2368
292522 79
20243 2947
7 5
579467 172112
147110 677950
521530 191232
133216 748658
546822 182387
101448 983097
869150 114748
7 4
12751 23
3916 302691
3153 380115
3171 370978
3227 307478
13083 72
3391 365663
2 1
984604 100795
124667 796066
3 1
266536 348893
111730 832297
202181 459947
5 3
359352 63597
95976 238119
951762 24012
29512 774387
412641 55384
5 3
235607 61596
324879 702586
431336 159720
573506 112041
573366 645046
9 2
216533 720287
277862 949570
797412 293016
237009 816404
700226 101561
390983 471303
848588 531749
121233 886488
996295 528817
