100
2 1
100 20
200 10
2 2
100 20
200 10
3 2
100 10
100 10
100 10
4 2
9 3
7 1
10 1
8 4
6 1
206881 555705
379518 422954
757186 957232
613888 100177
311036 620072
594764 147618
6 2
699999 223856
729321 323134
246011 327039
806940 789320
888612 498738
647947 508084
9 5
3543 323175
3069 361550
18323 15
3665 307000
18835 100
3979 350757
3235 377089
3819 361349
3208 346753
3 1
289374 65680
33458 568058
599807 31687
10 6
4717 273099
474646 562074
455310 395277
236177 648709
597056 124971
823704 32079
13126 139702
594820 637471
893290 758908
161909 980587
3 2
31122 367908
15624 732849
16926 676476
10 10
1000000 1000000
1000000 1000000
1000000 1000000
1000000 1000000
1000000 1000000
1000000 1000000
1000000 1000000
1000000 1000000
1000000 1000000
1000000 1000000
9 3
10487 53
3358 345112
3306 356732
3602 387908
13362 48
3359 328566
3823 392974
3995 393160
3094 363803
4 2
20102 2142
20314 2773
25417 2293
279773 23
5 3
227273 369798
469627 831011
184998 947044
977939 547063
345595 278822
7 4
841092 15318
179676 71706
237762 54188
14756 873126
267444 48174
14076 915306
72261 178296
10 5
323003 193972
367319 96056
491292 429208
362129 269490
677171 440803
404651 970729
617282 149936
490929 669657
759485 803605
178982 910496
2 1
297518 186372
479385 115667
10 6
99275 333682
348364 95091
40844 811044
295612 112060
134738 245857
120607 274663
748160 44277
122276 270914
33331 993858
319761 103597
3 1
17613 63
3501 355225
3950 320424
7 3
3248 313791
15411 57
3185 325724
3079 302470
3522 366452
3690 317920
16611 58
2 1
295484 295511
414560 210630
2 1
3614 360090
11794 4
10 6
15022 478764
15624 460317
49764 144522
333333 21576
232841 30888
41847 171864
613756 11718
60291 119288
50778 141636
72261 99528
5 1
26777 2726
269870 25
20243 2398
288760 78
26403 2721
4 2
114566 729677
112535 742846
117235 713065
406525 205636
3 1
208181 181836
117154 323120
187879 201485
4 1
27773 2813
25026 2428
24826 2638
264628 26
9 4
524351 184442
194460 497338
373339 259047
215663 448442
359241 269213
134228 720508
166060 582394
444444 217603
387707 249447
9 4
18861 8
3176 337527
11576 74
3929 344929
3398 393350
3694 372105
3227 308818
3366 388219
3911 336030
4 3
201275 15
22748 2214
28109 2728
27516 2484
8 5
143336 235683
177422 190404
213237 158424
165851 203688
229448 147231
56028 602946
178227 189544
126063 267976
9 4
21933 2817
27924 2454
202685 22
25604 2387
27403 2407
24919 2483
29544 2417
258455 60
29614 2424
6 3
13466 64
17812 63
3298 379979
3873 300636
3936 305560
3904 301922
4 3
201668 90
24910 2523
25431 2209
20685 2875
9 3
402420 237905
625324 153101
369014 259442
374593 255578
262219 365106
544949 175682
119799 799153
278513 343746
590194 162214
6 3
16114 44
3986 336671
3840 324651
3330 307970
18720 26
3481 300795
5 1
419541 614239
955975 463884
530975 490026
374601 625778
617300 191730
9 5
68324 211302
153729 93912
23374 617652
43524 331702
25172 573534
70122 205884
21924 658502
209496 68913
138852 103974
8 3
22797 2443
29037 2796
215678 51
29331 2968
25784 2108
232405 74
23692 2342
24294 2035
2 1
622904 183247
224315 284604
7 3
3652 352041
3983 333442
3697 319336
15429 95
3924 341982
3608 359384
14192 34
10 6
419543 16632
10557 660968
9657 722568
17871 390456
911421 7656
424908 16422
202538 34452
714357 9768
25806 270396
22678 307692
8 4
20798 2904
27931 2153
28800 2267
28361 2107
277472 88
27996 2841
24709 2932
272090 80
4 3
128525 365007
240471 195086
502803 93302
433292 108270
3 2
3555 368571
3557 301233
10565 21
2 1
339866 873443
754513 305633
3 1
250493 50
25754 2666
23716 2498
2 1
11055 20
3645 338132
8 5
3261 313792
15598 36
3396 393304
3694 324865
3726 358355
3176 352993
3541 384424
14556 50
6 1
22648 2521
24633 2563
24375 2356
250688 75
21397 2048
245022 31
10 5
799691 357919
976307 709908
270337 92543
941801 601015
766939 409648
398836 761224
990316 571724
481846 186554
31582 506802
102703 448040
2 1
12090 58
3566 355672
3 2
30597 293731
540258 879764
942934 244029
7 5
297099 700745
122590 274279
455497 250105
305495 972893
427825 863732
521503 440868
434200 596577
9 2
105536 560888
155335 578827
673647 153035
79212 82443
226971 406223
917623 192836
266378 682903
791589 836138
659077 624665
7 2
306723 276237
272013 311486
558444 151722
491814 172277
604882 140074
348080 243416
143661 589779
3 1
463371 691846
511358 490932
875160 838879
3 1
733481 761417
735867 575259
591901 473548
4 1
532223 931455
278750 329000
335018 18886
541197 898397
2 2
62118 345876
119187 180264
2 2
35588 907902
117691 274536
2 2
20349 280488
956536 5967
2 1
19498 981039
97875 195436
5 3
135198 303924
409944 100233
578088 71079
405594 101308
400932 102486
5 2
18235 35
3769 381815
3391 332166
3566 355674
16088 40
10 3
603458 768331
280184 306678
263759 867432
11578 54049
143776 610726
423697 420069
157987 586983
892489 546875
917178 547172
31317 572735
10 2
24239 2337
26890 2115
27021 2706
260251 83
26330 2738
236195 31
25123 2093
28481 2768
25677 2349
231766 39
9 5
64449 239768
81158 190404
410564 37638
29326 526932
839188 18414
89913 171864
161007 95976
578952 26691
35343 437224
9 2
204358 121894
722939 939279
846235 885010
354654 869568
557568 67422
190143 74782
984365 922653
946523 813896
506544 282666
2 1
297116 30
22061 2705
6 4
131689 627653
565731 146103
448116 184450
163081 506834
852210 96989
102411 807091
10 4
43373 277599
34284 351193
36291 331771
74310 162028
54637 220369
176544 68200
41863 287612
114445 105206
19049 632070
142201 84671
3 2
245682 442508
563849 178545
483080 71376
8 6
65874 584229
111354 345614
598670 64285
182763 210576
51587 746031
265090 145179
345493 111393
276381 139248
7 4
4641 556776
25704 100529
65416 39501
42328 61047
55352 46683
228956 11286
5434 475524
2 2
203949 92568
40936 461187
6 2
3844 327520
17682 40
3415 335018
18456 38
3225 348104
3653 385390
8 5
73112 186921
20424 669123
658674 20748
62244 219558
925704 14763
695267 19656
99567 137256
35217 388056
3 2
8856 899899
649194 12276
42966 185484
5 2
124552 707708
338759 260204
850933 103588
345461 255156
557723 158047
10 2
206061 221807
770846 59293
85906 532044
92182 495821
595073 76807
549236 83217
110543 413466
188774 242119
57431 795838
540628 84542
4 3
3466 345738
3531 393997
18617 14
3377 310522
6 4
386788 74868
393254 73637
317418 91230
81009 357467
146701 197395
915351 31636
7 4
3527 362272
3213 329477
3622 337188
3996 361145
11761 46
3345 373417
19697 100
10 5
24926 2914
203399 72
200895 11
27406 2811
29474 2227
24597 2015
20174 2919
208137 96
20234 2271
21013 2164
8 3
75883 543446
67346 612335
45139 913585
57990 711128
158720 259818
412478 99977
290335 142037
271999 151612
9 3
29325 2399
28090 2518
26338 2909
27454 2990
21420 2951
23476 2763
264317 86
299411 98
28078 2734
10 6
48906 106764
35178 148428
51832 100737
22386 233244
925452 5642
335544 15561
719796 7254
148428 35178
7254 719796
30996 168454
10 6
84847 97416
25704 321563
30504 270963
9108 907494
31372 263466
15252 541926
13981 591192
35343 233864
14637 564696
240856 34317
9 2
3647 330927
3096 310495
3858 382056
3814 342050
11423 23
3814 343003
3608 320088
19792 4
3960 371395
3 2
48807 118104
84303 68376
433048 13311
7 1
299387 57
27250 2940
29398 2714
25486 2654
24262 2046
26372 2252
295018 51
4 2
268004 921435
382453 452563
418476 393063
808425 401516
2 1
23013 2280
299514 46
4 2
23708 2276
211752 71
23783 2216
20187 2000
3 1
333497 32456
370735 29196
79271 136544
1 1
1 1
3 2
63726 299628
124488 153381
426474 44772
9 6
3192 304428
3970 358827
3710 340711
3187 310025
15918 67
3137 393898
3648 387120
3393 393507
10910 43
5 3
23322 2616
280376 36
275916 77
27285 2181
23178 2474
